5184
0.890575 0.000000 0.000000
0.896716 0.000000 0.000000
0.918118 0.000000 0.000000
0.253047 0.000000 0.000000
0.275259 0.000000 0.000000
0.267688 0.000000 0.000000
0.247146 0.000000 0.000000
0.267688 0.000000 0.000000
0.266043 0.000000 0.000000
0.335955 0.000000 0.000000
0.323251 0.000000 0.000000
0.339127 0.000000 0.000000
0.350243 0.000000 0.000000
0.339127 0.000000 0.000000
0.357752 0.000000 0.000000
0.367705 0.000000 0.000000
0.357752 0.000000 0.000000
0.374134 0.000000 0.000000
0.936712 0.000000 0.000000
0.940345 0.000000 0.000000
0.918927 0.000000 0.000000
0.229881 0.000000 0.000000
0.218582 0.000000 0.000000
0.201316 0.000000 0.000000
0.213934 0.000000 0.000000
0.201316 0.000000 0.000000
0.187216 0.000000 0.000000
0.746234 0.000000 0.000000
0.750895 0.000000 0.000000
0.771127 0.000000 0.000000
0.765884 0.000000 0.000000
0.771127 0.000000 0.000000
0.792646 0.000000 0.000000
0.803859 0.000000 0.000000
0.786976 0.000000 0.000000
0.792646 0.000000 0.000000
0.896716 0.000000 0.000000
0.903694 0.000000 0.000000
0.924909 0.000000 0.000000
0.275259 0.000000 0.000000
0.297727 0.000000 0.000000
0.288466 0.000000 0.000000
0.267688 0.000000 0.000000
0.288466 0.000000 0.000000
0.284513 0.000000 0.000000
0.323251 0.000000 0.000000
0.312240 0.000000 0.000000
0.329493 0.000000 0.000000
0.339127 0.000000 0.000000
0.329493 0.000000 0.000000
0.349125 0.000000 0.000000
0.357752 0.000000 0.000000
0.349125 0.000000 0.000000
0.365876 0.000000 0.000000
0.940345 0.000000 0.000000
0.944489 0.000000 0.000000
0.923256 0.000000 0.000000
0.218582 0.000000 0.000000
0.208424 0.000000 0.000000
0.189971 0.000000 0.000000
0.201316 0.000000 0.000000
0.189971 0.000000 0.000000
0.174251 0.000000 0.000000
0.750895 0.000000 0.000000
0.753245 0.000000 0.000000
0.773772 0.000000 0.000000
0.771127 0.000000 0.000000
0.773772 0.000000 0.000000
0.795506 0.000000 0.000000
0.792646 0.000000 0.000000
0.795506 0.000000 0.000000
0.812624 0.000000 0.000000
0.309815 0.000000 0.000000
0.332770 0.000000 0.000000
0.320067 0.000000 0.000000
0.297727 0.000000 0.000000
0.320067 0.000000 0.000000
0.309126 0.000000 0.000000
0.288466 0.000000 0.000000
0.309126 0.000000 0.000000
0.302876 0.000000 0.000000
0.312240 0.000000 0.000000
0.303112 0.000000 0.000000
0.321505 0.000000 0.000000
0.329493 0.000000 0.000000
0.321505 0.000000 0.000000
0.341973 0.000000 0.000000
0.349125 0.000000 0.000000
0.341973 0.000000 0.000000
0.359030 0.000000 0.000000
0.224665 0.000000 0.000000
0.216199 0.000000 0.000000
0.199580 0.000000 0.000000
0.208424 0.000000 0.000000
0.199580 0.000000 0.000000
0.180094 0.000000 0.000000
0.189971 0.000000 0.000000
0.180094 0.000000 0.000000
0.162962 0.000000 0.000000
0.753245 0.000000 0.000000
0.753245 0.000000 0.000000
0.773772 0.000000 0.000000
0.773772 0.000000 0.000000
0.773772 0.000000 0.000000
0.795506 0.000000 0.000000
0.795506 0.000000 0.000000
0.795506 0.000000 0.000000
0.812624 0.000000 0.000000
0.332770 0.000000 0.000000
0.355201 0.000000 0.000000
0.341897 0.000000 0.000000
0.320067 0.000000 0.000000
0.341897 0.000000 0.000000
0.329313 0.000000 0.000000
0.309126 0.000000 0.000000
0.329313 0.000000 0.000000
0.320821 0.000000 0.000000
0.303112 0.000000 0.000000
0.296022 0.000000 0.000000
0.315302 0.000000 0.000000
0.321505 0.000000 0.000000
0.315302 0.000000 0.000000
0.336419 0.000000 0.000000
0.341973 0.000000 0.000000
0.336419 0.000000 0.000000
0.353712 0.000000 0.000000
0.216199 0.000000 0.000000
0.209135 0.000000 0.000000
0.192201 0.000000 0.000000
0.199580 0.000000 0.000000
0.192201 0.000000 0.000000
0.171853 0.000000 0.000000
0.180094 0.000000 0.000000
0.171853 0.000000 0.000000
0.153544 0.000000 0.000000
0.753245 0.000000 0.000000
0.750895 0.000000 0.000000
0.771127 0.000000 0.000000
0.773772 0.000000 0.000000
0.771127 0.000000 0.000000
0.792646 0.000000 0.000000
0.795506 0.000000 0.000000
0.792646 0.000000 0.000000
0.809685 0.000000 0.000000
0.355201 0.000000 0.000000
0.376723 0.000000 0.000000
0.362843 0.000000 0.000000
0.341897 0.000000 0.000000
0.362843 0.000000 0.000000
0.348684 0.000000 0.000000
0.329313 0.000000 0.000000
0.348684 0.000000 0.000000
0.338039 0.000000 0.000000
0.296022 0.000000 0.000000
0.291093 0.000000 0.000000
0.310988 0.000000 0.000000
0.315302 0.000000 0.000000
0.310988 0.000000 0.000000
0.332556 0.000000 0.000000
0.336419 0.000000 0.000000
0.332556 0.000000 0.000000
0.350016 0.000000 0.000000
0.209135 0.000000 0.000000
0.203593 0.000000 0.000000
0.186412 0.000000 0.000000
0.192201 0.000000 0.000000
0.186412 0.000000 0.000000
0.165388 0.000000 0.000000
0.171853 0.000000 0.000000
0.165388 0.000000 0.000000
0.146155 0.000000 0.000000
0.750895 0.000000 0.000000
0.746234 0.000000 0.000000
0.765884 0.000000 0.000000
0.771127 0.000000 0.000000
0.765884 0.000000 0.000000
0.786976 0.000000 0.000000
0.792646 0.000000 0.000000
0.786976 0.000000 0.000000
0.803859 0.000000 0.000000
0.376723 0.000000 0.000000
0.396969 0.000000 0.000000
0.382545 0.000000 0.000000
0.362843 0.000000 0.000000
0.382545 0.000000 0.000000
0.366905 0.000000 0.000000
0.348684 0.000000 0.000000
0.366905 0.000000 0.000000
0.354235 0.000000 0.000000
0.291093 0.000000 0.000000
0.288407 0.000000 0.000000
0.308638 0.000000 0.000000
0.310988 0.000000 0.000000
0.308638 0.000000 0.000000
0.330452 0.000000 0.000000
0.332556 0.000000 0.000000
0.330452 0.000000 0.000000
0.348001 0.000000 0.000000
0.203593 0.000000 0.000000
0.199670 0.000000 0.000000
0.182313 0.000000 0.000000
0.186412 0.000000 0.000000
0.182313 0.000000 0.000000
0.160811 0.000000 0.000000
0.165388 0.000000 0.000000
0.160811 0.000000 0.000000
0.140925 0.000000 0.000000
0.746234 0.000000 0.000000
0.739342 0.000000 0.000000
0.758131 0.000000 0.000000
0.765884 0.000000 0.000000
0.758131 0.000000 0.000000
0.778592 0.000000 0.000000
0.786976 0.000000 0.000000
0.778592 0.000000 0.000000
0.795245 0.000000 0.000000
0.396969 0.000000 0.000000
0.415591 0.000000 0.000000
0.400669 0.000000 0.000000
0.382545 0.000000 0.000000
0.400669 0.000000 0.000000
0.383664 0.000000 0.000000
0.366905 0.000000 0.000000
0.383664 0.000000 0.000000
0.369133 0.000000 0.000000
0.288407 0.000000 0.000000
0.288011 0.000000 0.000000
0.308292 0.000000 0.000000
0.308638 0.000000 0.000000
0.308292 0.000000 0.000000
0.330141 0.000000 0.000000
0.330452 0.000000 0.000000
0.330141 0.000000 0.000000
0.347704 0.000000 0.000000
0.199670 0.000000 0.000000
0.197432 0.000000 0.000000
0.179975 0.000000 0.000000
0.182313 0.000000 0.000000
0.179975 0.000000 0.000000
0.158201 0.000000 0.000000
0.160811 0.000000 0.000000
0.158201 0.000000 0.000000
0.137941 0.000000 0.000000
0.739342 0.000000 0.000000
0.730338 0.000000 0.000000
0.748001 0.000000 0.000000
0.758131 0.000000 0.000000
0.748001 0.000000 0.000000
0.767639 0.000000 0.000000
0.778592 0.000000 0.000000
0.767639 0.000000 0.000000
0.783989 0.000000 0.000000
0.415591 0.000000 0.000000
0.432272 0.000000 0.000000
0.416903 0.000000 0.000000
0.400669 0.000000 0.000000
0.416903 0.000000 0.000000
0.398678 0.000000 0.000000
0.383664 0.000000 0.000000
0.398678 0.000000 0.000000
0.382478 0.000000 0.000000
0.288011 0.000000 0.000000
0.289912 0.000000 0.000000
0.309956 0.000000 0.000000
0.308292 0.000000 0.000000
0.309956 0.000000 0.000000
0.331631 0.000000 0.000000
0.330141 0.000000 0.000000
0.331631 0.000000 0.000000
0.349130 0.000000 0.000000
0.197432 0.000000 0.000000
0.196918 0.000000 0.000000
0.179438 0.000000 0.000000
0.179975 0.000000 0.000000
0.179438 0.000000 0.000000
0.157600 0.000000 0.000000
0.158201 0.000000 0.000000
0.157600 0.000000 0.000000
0.137255 0.000000 0.000000
0.730338 0.000000 0.000000
0.719375 0.000000 0.000000
0.735668 0.000000 0.000000
0.748001 0.000000 0.000000
0.735668 0.000000 0.000000
0.754302 0.000000 0.000000
0.767639 0.000000 0.000000
0.754302 0.000000 0.000000
0.770285 0.000000 0.000000
0.432272 0.000000 0.000000
0.446727 0.000000 0.000000
0.430970 0.000000 0.000000
0.416903 0.000000 0.000000
0.430970 0.000000 0.000000
0.411686 0.000000 0.000000
0.398678 0.000000 0.000000
0.411686 0.000000 0.000000
0.394042 0.000000 0.000000
0.289912 0.000000 0.000000
0.294078 0.000000 0.000000
0.313601 0.000000 0.000000
0.309956 0.000000 0.000000
0.313601 0.000000 0.000000
0.334895 0.000000 0.000000
0.331631 0.000000 0.000000
0.334895 0.000000 0.000000
0.352254 0.000000 0.000000
0.196918 0.000000 0.000000
0.198136 0.000000 0.000000
0.180711 0.000000 0.000000
0.179438 0.000000 0.000000
0.180711 0.000000 0.000000
0.159021 0.000000 0.000000
0.157600 0.000000 0.000000
0.159021 0.000000 0.000000
0.138879 0.000000 0.000000
0.719375 0.000000 0.000000
0.706641 0.000000 0.000000
0.721342 0.000000 0.000000
0.735668 0.000000 0.000000
0.721342 0.000000 0.000000
0.738811 0.000000 0.000000
0.754302 0.000000 0.000000
0.738811 0.000000 0.000000
0.754368 0.000000 0.000000
0.446727 0.000000 0.000000
0.458706 0.000000 0.000000
0.442629 0.000000 0.000000
0.430970 0.000000 0.000000
0.442629 0.000000 0.000000
0.422468 0.000000 0.000000
0.411686 0.000000 0.000000
0.422468 0.000000 0.000000
0.403625 0.000000 0.000000
0.294078 0.000000 0.000000
0.300437 0.000000 0.000000
0.319165 0.000000 0.000000
0.313601 0.000000 0.000000
0.319165 0.000000 0.000000
0.339877 0.000000 0.000000
0.334895 0.000000 0.000000
0.339877 0.000000 0.000000
0.357024 0.000000 0.000000
0.198136 0.000000 0.000000
0.201065 0.000000 0.000000
0.183771 0.000000 0.000000
0.180711 0.000000 0.000000
0.183771 0.000000 0.000000
0.162438 0.000000 0.000000
0.159021 0.000000 0.000000
0.162438 0.000000 0.000000
0.142784 0.000000 0.000000
0.706641 0.000000 0.000000
0.692354 0.000000 0.000000
0.705268 0.000000 0.000000
0.721342 0.000000 0.000000
0.705268 0.000000 0.000000
0.721430 0.000000 0.000000
0.738811 0.000000 0.000000
0.721430 0.000000 0.000000
0.736508 0.000000 0.000000
0.458706 0.000000 0.000000
0.468006 0.000000 0.000000
0.451681 0.000000 0.000000
0.442629 0.000000 0.000000
0.451681 0.000000 0.000000
0.430838 0.000000 0.000000
0.422468 0.000000 0.000000
0.430838 0.000000 0.000000
0.411065 0.000000 0.000000
0.300437 0.000000 0.000000
0.308880 0.000000 0.000000
0.326552 0.000000 0.000000
0.319165 0.000000 0.000000
0.326552 0.000000 0.000000
0.346492 0.000000 0.000000
0.339877 0.000000 0.000000
0.346492 0.000000 0.000000
0.363355 0.000000 0.000000
0.201065 0.000000 0.000000
0.205655 0.000000 0.000000
0.188566 0.000000 0.000000
0.183771 0.000000 0.000000
0.188566 0.000000 0.000000
0.167793 0.000000 0.000000
0.162438 0.000000 0.000000
0.167793 0.000000 0.000000
0.148905 0.000000 0.000000
0.692354 0.000000 0.000000
0.676758 0.000000 0.000000
0.687722 0.000000 0.000000
0.705268 0.000000 0.000000
0.687722 0.000000 0.000000
0.702457 0.000000 0.000000
0.721430 0.000000 0.000000
0.702457 0.000000 0.000000
0.717014 0.000000 0.000000
0.468006 0.000000 0.000000
0.474468 0.000000 0.000000
0.457969 0.000000 0.000000
0.451681 0.000000 0.000000
0.457969 0.000000 0.000000
0.436654 0.000000 0.000000
0.430838 0.000000 0.000000
0.436654 0.000000 0.000000
0.416235 0.000000 0.000000
0.308880 0.000000 0.000000
0.319262 0.000000 0.000000
0.335637 0.000000 0.000000
0.326552 0.000000 0.000000
0.335637 0.000000 0.000000
0.354627 0.000000 0.000000
0.972737 0.000000 0.000000
0.967950 0.000000 0.000000
0.989183 0.000000 0.000000
0.205655 0.000000 0.000000
0.211828 0.000000 0.000000
0.195015 0.000000 0.000000
0.188566 0.000000 0.000000
0.195015 0.000000 0.000000
0.174996 0.000000 0.000000
0.167793 0.000000 0.000000
0.174996 0.000000 0.000000
0.157135 0.000000 0.000000
0.676758 0.000000 0.000000
0.660120 0.000000 0.000000
0.669005 0.000000 0.000000
0.687722 0.000000 0.000000
0.669005 0.000000 0.000000
0.682217 0.000000 0.000000
0.886189 0.000000 0.000000
0.878826 0.000000 0.000000
0.857572 0.000000 0.000000
0.474468 0.000000 0.000000
0.477981 0.000000 0.000000
0.461387 0.000000 0.000000
0.457969 0.000000 0.000000
0.461387 0.000000 0.000000
0.439815 0.000000 0.000000
0.436654 0.000000 0.000000
0.439815 0.000000 0.000000
0.419046 0.000000 0.000000
0.319262 0.000000 0.000000
0.331407 0.000000 0.000000
0.346264 0.000000 0.000000
0.335637 0.000000 0.000000
0.346264 0.000000 0.000000
0.364142 0.000000 0.000000
0.967950 0.000000 0.000000
0.963621 0.000000 0.000000
0.985039 0.000000 0.000000
0.211828 0.000000 0.000000
0.219479 0.000000 0.000000
0.203006 0.000000 0.000000
0.195015 0.000000 0.000000
0.203006 0.000000 0.000000
0.183921 0.000000 0.000000
0.174996 0.000000 0.000000
0.183921 0.000000 0.000000
0.167335 0.000000 0.000000
0.660120 0.000000 0.000000
0.642724 0.000000 0.000000
0.649436 0.000000 0.000000
0.669005 0.000000 0.000000
0.649436 0.000000 0.000000
0.661056 0.000000 0.000000
0.878826 0.000000 0.000000
0.872185 0.000000 0.000000
0.850749 0.000000 0.000000
0.477981 0.000000 0.000000
0.478485 0.000000 0.000000
0.461878 0.000000 0.000000
0.461387 0.000000 0.000000
0.461878 0.000000 0.000000
0.440269 0.000000 0.000000
0.439815 0.000000 0.000000
0.440269 0.000000 0.000000
0.419448 0.000000 0.000000
0.331407 0.000000 0.000000
0.345107 0.000000 0.000000
0.358251 0.000000 0.000000
0.346264 0.000000 0.000000
0.358251 0.000000 0.000000
0.374876 0.000000 0.000000
0.963621 0.000000 0.000000
0.959825 0.000000 0.000000
0.981405 0.000000 0.000000
0.219479 0.000000 0.000000
0.228475 0.000000 0.000000
0.212404 0.000000 0.000000
0.203006 0.000000 0.000000
0.212404 0.000000 0.000000
0.194416 0.000000 0.000000
0.183921 0.000000 0.000000
0.194416 0.000000 0.000000
0.179330 0.000000 0.000000
0.642724 0.000000 0.000000
0.624870 0.000000 0.000000
0.629349 0.000000 0.000000
0.649436 0.000000 0.000000
0.629349 0.000000 0.000000
0.639335 0.000000 0.000000
0.872185 0.000000 0.000000
0.866381 0.000000 0.000000
0.844785 0.000000 0.000000
0.844785 0.000000 0.000000
0.839784 0.000000 0.000000
0.821335 0.000000 0.000000
0.461878 0.000000 0.000000
0.459432 0.000000 0.000000
0.438006 0.000000 0.000000
0.440269 0.000000 0.000000
0.438006 0.000000 0.000000
0.417437 0.000000 0.000000
0.345107 0.000000 0.000000
0.360126 0.000000 0.000000
0.371393 0.000000 0.000000
0.941041 0.000000 0.000000
0.937469 0.000000 0.000000
0.956626 0.000000 0.000000
0.959825 0.000000 0.000000
0.956626 0.000000 0.000000
0.978343 0.000000 0.000000
0.981405 0.000000 0.000000
0.978343 0.000000 0.000000
0.996801 0.000000 0.000000
0.212404 0.000000 0.000000
0.223048 0.000000 0.000000
0.206303 0.000000 0.000000
0.194416 0.000000 0.000000
0.206303 0.000000 0.000000
0.192915 0.000000 0.000000
0.624870 0.000000 0.000000
0.606861 0.000000 0.000000
0.609089 0.000000 0.000000
0.885203 0.000000 0.000000
0.880701 0.000000 0.000000
0.861514 0.000000 0.000000
0.866381 0.000000 0.000000
0.861514 0.000000 0.000000
0.839784 0.000000 0.000000
0.839784 0.000000 0.000000
0.835830 0.000000 0.000000
0.817487 0.000000 0.000000
0.459432 0.000000 0.000000
0.454089 0.000000 0.000000
0.433066 0.000000 0.000000
0.438006 0.000000 0.000000
0.433066 0.000000 0.000000
0.413046 0.000000 0.000000
0.360126 0.000000 0.000000
0.376209 0.000000 0.000000
0.385465 0.000000 0.000000
0.937469 0.000000 0.000000
0.934625 0.000000 0.000000
0.954080 0.000000 0.000000
0.956626 0.000000 0.000000
0.954080 0.000000 0.000000
0.975905 0.000000 0.000000
0.978343 0.000000 0.000000
0.975905 0.000000 0.000000
0.994255 0.000000 0.000000
0.223048 0.000000 0.000000
0.234755 0.000000 0.000000
0.219377 0.000000 0.000000
0.206303 0.000000 0.000000
0.219377 0.000000 0.000000
0.207857 0.000000 0.000000
0.606861 0.000000 0.000000
0.589006 0.000000 0.000000
0.589003 0.000000 0.000000
0.880701 0.000000 0.000000
0.877143 0.000000 0.000000
0.857665 0.000000 0.000000
0.861514 0.000000 0.000000
0.857665 0.000000 0.000000
0.835830 0.000000 0.000000
0.835830 0.000000 0.000000
0.832991 0.000000 0.000000
0.814724 0.000000 0.000000
0.454089 0.000000 0.000000
0.445944 0.000000 0.000000
0.425533 0.000000 0.000000
0.433066 0.000000 0.000000
0.425533 0.000000 0.000000
0.406350 0.000000 0.000000
0.376209 0.000000 0.000000
0.393079 0.000000 0.000000
0.400226 0.000000 0.000000
0.934625 0.000000 0.000000
0.932558 0.000000 0.000000
0.952229 0.000000 0.000000
0.954080 0.000000 0.000000
0.952229 0.000000 0.000000
0.974134 0.000000 0.000000
0.975905 0.000000 0.000000
0.974134 0.000000 0.000000
0.992404 0.000000 0.000000
0.234755 0.000000 0.000000
0.247325 0.000000 0.000000
0.233416 0.000000 0.000000
0.219377 0.000000 0.000000
0.233416 0.000000 0.000000
0.223900 0.000000 0.000000
0.589006 0.000000 0.000000
0.571611 0.000000 0.000000
0.569433 0.000000 0.000000
0.877143 0.000000 0.000000
0.874588 0.000000 0.000000
0.854903 0.000000 0.000000
0.857665 0.000000 0.000000
0.854903 0.000000 0.000000
0.832991 0.000000 0.000000
0.832991 0.000000 0.000000
0.831315 0.000000 0.000000
0.813094 0.000000 0.000000
0.445944 0.000000 0.000000
0.435135 0.000000 0.000000
0.415538 0.000000 0.000000
0.425533 0.000000 0.000000
0.415538 0.000000 0.000000
0.397465 0.000000 0.000000
0.393079 0.000000 0.000000
0.410447 0.000000 0.000000
0.415424 0.000000 0.000000
0.932558 0.000000 0.000000
0.931304 0.000000 0.000000
0.951106 0.000000 0.000000
0.952229 0.000000 0.000000
0.951106 0.000000 0.000000
0.973059 0.000000 0.000000
0.974134 0.000000 0.000000
0.973059 0.000000 0.000000
0.991281 0.000000 0.000000
0.247325 0.000000 0.000000
0.260543 0.000000 0.000000
0.248177 0.000000 0.000000
0.233416 0.000000 0.000000
0.248177 0.000000 0.000000
0.240771 0.000000 0.000000
0.571611 0.000000 0.000000
0.554973 0.000000 0.000000
0.550715 0.000000 0.000000
0.874588 0.000000 0.000000
0.873080 0.000000 0.000000
0.853272 0.000000 0.000000
0.854903 0.000000 0.000000
0.853272 0.000000 0.000000
0.831315 0.000000 0.000000
0.831315 0.000000 0.000000
0.830833 0.000000 0.000000
0.812624 0.000000 0.000000
0.435135 0.000000 0.000000
0.421846 0.000000 0.000000
0.403248 0.000000 0.000000
0.415538 0.000000 0.000000
0.403248 0.000000 0.000000
0.386541 0.000000 0.000000
0.410447 0.000000 0.000000
0.428019 0.000000 0.000000
0.430799 0.000000 0.000000
0.931304 0.000000 0.000000
0.930883 0.000000 0.000000
0.950729 0.000000 0.000000
0.951106 0.000000 0.000000
0.950729 0.000000 0.000000
0.972698 0.000000 0.000000
0.973059 0.000000 0.000000
0.972698 0.000000 0.000000
0.990904 0.000000 0.000000
0.260543 0.000000 0.000000
0.274183 0.000000 0.000000
0.263410 0.000000 0.000000
0.248177 0.000000 0.000000
0.263410 0.000000 0.000000
0.258181 0.000000 0.000000
0.554973 0.000000 0.000000
0.539377 0.000000 0.000000
0.533169 0.000000 0.000000
0.873080 0.000000 0.000000
0.872645 0.000000 0.000000
0.852802 0.000000 0.000000
0.853272 0.000000 0.000000
0.852802 0.000000 0.000000
0.830833 0.000000 0.000000
0.830833 0.000000 0.000000
0.831551 0.000000 0.000000
0.813323 0.000000 0.000000
0.421846 0.000000 0.000000
0.406305 0.000000 0.000000
0.388876 0.000000 0.000000
0.403248 0.000000 0.000000
0.388876 0.000000 0.000000
0.373766 0.000000 0.000000
0.386541 0.000000 0.000000
0.373766 0.000000 0.000000
0.365022 0.000000 0.000000
0.930883 0.000000 0.000000
0.931304 0.000000 0.000000
0.951106 0.000000 0.000000
0.950729 0.000000 0.000000
0.951106 0.000000 0.000000
0.973059 0.000000 0.000000
0.972698 0.000000 0.000000
0.973059 0.000000 0.000000
0.991281 0.000000 0.000000
0.274183 0.000000 0.000000
0.288011 0.000000 0.000000
0.278854 0.000000 0.000000
0.552292 0.000000 0.000000
0.539790 0.000000 0.000000
0.525090 0.000000 0.000000
0.539377 0.000000 0.000000
0.525090 0.000000 0.000000
0.517097 0.000000 0.000000
0.872645 0.000000 0.000000
0.873291 0.000000 0.000000
0.853501 0.000000 0.000000
0.852802 0.000000 0.000000
0.853501 0.000000 0.000000
0.831551 0.000000 0.000000
0.831551 0.000000 0.000000
0.833457 0.000000 0.000000
0.815178 0.000000 0.000000
0.842519 0.000000 0.000000
0.821140 0.000000 0.000000
0.832988 0.000000 0.000000
0.852759 0.000000 0.000000
0.832988 0.000000 0.000000
0.839743 0.000000 0.000000
0.373766 0.000000 0.000000
0.359358 0.000000 0.000000
0.352416 0.000000 0.000000
0.931304 0.000000 0.000000
0.932558 0.000000 0.000000
0.952229 0.000000 0.000000
0.951106 0.000000 0.000000
0.952229 0.000000 0.000000
0.974134 0.000000 0.000000
0.973059 0.000000 0.000000
0.974134 0.000000 0.000000
0.992404 0.000000 0.000000
0.557260 0.000000 0.000000
0.547282 0.000000 0.000000
0.528648 0.000000 0.000000
0.539790 0.000000 0.000000
0.528648 0.000000 0.000000
0.512356 0.000000 0.000000
0.671395 0.000000 0.000000
0.653805 0.000000 0.000000
0.647923 0.000000 0.000000
0.873291 0.000000 0.000000
0.875007 0.000000 0.000000
0.855356 0.000000 0.000000
0.853501 0.000000 0.000000
0.855356 0.000000 0.000000
0.833457 0.000000 0.000000
0.833457 0.000000 0.000000
0.836518 0.000000 0.000000
0.818157 0.000000 0.000000
0.821140 0.000000 0.000000
0.800311 0.000000 0.000000
0.813726 0.000000 0.000000
0.832988 0.000000 0.000000
0.813726 0.000000 0.000000
0.822622 0.000000 0.000000
0.359358 0.000000 0.000000
0.343565 0.000000 0.000000
0.338596 0.000000 0.000000
0.932558 0.000000 0.000000
0.934625 0.000000 0.000000
0.954080 0.000000 0.000000
0.952229 0.000000 0.000000
0.954080 0.000000 0.000000
0.975905 0.000000 0.000000
0.974134 0.000000 0.000000
0.975905 0.000000 0.000000
0.994255 0.000000 0.000000
0.547282 0.000000 0.000000
0.538693 0.000000 0.000000
0.519056 0.000000 0.000000
0.528648 0.000000 0.000000
0.519056 0.000000 0.000000
0.501393 0.000000 0.000000
0.653805 0.000000 0.000000
0.636545 0.000000 0.000000
0.628505 0.000000 0.000000
0.875007 0.000000 0.000000
0.877763 0.000000 0.000000
0.858336 0.000000 0.000000
0.855356 0.000000 0.000000
0.858336 0.000000 0.000000
0.836518 0.000000 0.000000
0.836518 0.000000 0.000000
0.840684 0.000000 0.000000
0.822211 0.000000 0.000000
0.800311 0.000000 0.000000
0.780389 0.000000 0.000000
0.795303 0.000000 0.000000
0.813726 0.000000 0.000000
0.795303 0.000000 0.000000
0.806246 0.000000 0.000000
0.343565 0.000000 0.000000
0.326655 0.000000 0.000000
0.323801 0.000000 0.000000
0.934625 0.000000 0.000000
0.937469 0.000000 0.000000
0.956626 0.000000 0.000000
0.954080 0.000000 0.000000
0.956626 0.000000 0.000000
0.978343 0.000000 0.000000
0.975905 0.000000 0.000000
0.978343 0.000000 0.000000
0.996801 0.000000 0.000000
0.538693 0.000000 0.000000
0.531638 0.000000 0.000000
0.511176 0.000000 0.000000
0.519056 0.000000 0.000000
0.511176 0.000000 0.000000
0.492388 0.000000 0.000000
0.636545 0.000000 0.000000
0.619910 0.000000 0.000000
0.609790 0.000000 0.000000
0.877763 0.000000 0.000000
0.881511 0.000000 0.000000
0.862390 0.000000 0.000000
0.858336 0.000000 0.000000
0.862390 0.000000 0.000000
0.840684 0.000000 0.000000
0.840684 0.000000 0.000000
0.845881 0.000000 0.000000
0.827269 0.000000 0.000000
0.780389 0.000000 0.000000
0.761715 0.000000 0.000000
0.778033 0.000000 0.000000
0.795303 0.000000 0.000000
0.778033 0.000000 0.000000
0.790895 0.000000 0.000000
0.326655 0.000000 0.000000
0.308920 0.000000 0.000000
0.308282 0.000000 0.000000
0.937469 0.000000 0.000000
0.941041 0.000000 0.000000
0.959825 0.000000 0.000000
0.956626 0.000000 0.000000
0.959825 0.000000 0.000000
0.981405 0.000000 0.000000
0.978343 0.000000 0.000000
0.981405 0.000000 0.000000
1.000000 0.000000 0.000000
0.531638 0.000000 0.000000
0.526239 0.000000 0.000000
0.505147 0.000000 0.000000
0.511176 0.000000 0.000000
0.505147 0.000000 0.000000
0.485497 0.000000 0.000000
0.619910 0.000000 0.000000
0.604183 0.000000 0.000000
0.592098 0.000000 0.000000
0.881511 0.000000 0.000000
0.886189 0.000000 0.000000
0.867448 0.000000 0.000000
0.862390 0.000000 0.000000
0.867448 0.000000 0.000000
0.845881 0.000000 0.000000
0.746313 0.000000 0.000000
0.728735 0.000000 0.000000
0.744608 0.000000 0.000000
0.761715 0.000000 0.000000
0.744608 0.000000 0.000000
0.762213 0.000000 0.000000
0.778033 0.000000 0.000000
0.762213 0.000000 0.000000
0.776832 0.000000 0.000000
0.308920 0.000000 0.000000
0.290660 0.000000 0.000000
0.292306 0.000000 0.000000
0.308282 0.000000 0.000000
0.292306 0.000000 0.000000
0.299877 0.000000 0.000000
0.959825 0.000000 0.000000
0.963621 0.000000 0.000000
0.985039 0.000000 0.000000
0.543122 0.000000 0.000000
0.539626 0.000000 0.000000
0.522587 0.000000 0.000000
0.526239 0.000000 0.000000
0.522587 0.000000 0.000000
0.501068 0.000000 0.000000
0.505147 0.000000 0.000000
0.501068 0.000000 0.000000
0.480835 0.000000 0.000000
0.604183 0.000000 0.000000
0.589634 0.000000 0.000000
0.575730 0.000000 0.000000
0.592098 0.000000 0.000000
0.575730 0.000000 0.000000
0.558593 0.000000 0.000000
0.867448 0.000000 0.000000
0.873423 0.000000 0.000000
0.852022 0.000000 0.000000
0.728735 0.000000 0.000000
0.713067 0.000000 0.000000
0.729360 0.000000 0.000000
0.744608 0.000000 0.000000
0.729360 0.000000 0.000000
0.748112 0.000000 0.000000
0.762213 0.000000 0.000000
0.748112 0.000000 0.000000
0.764299 0.000000 0.000000
0.290660 0.000000 0.000000
0.272191 0.000000 0.000000
0.276145 0.000000 0.000000
0.292306 0.000000 0.000000
0.276145 0.000000 0.000000
0.285406 0.000000 0.000000
0.963621 0.000000 0.000000
0.967950 0.000000 0.000000
0.989183 0.000000 0.000000
0.539626 0.000000 0.000000
0.537863 0.000000 0.000000
0.520745 0.000000 0.000000
0.522587 0.000000 0.000000
0.520745 0.000000 0.000000
0.499012 0.000000 0.000000
0.501068 0.000000 0.000000
0.499012 0.000000 0.000000
0.478485 0.000000 0.000000
0.589634 0.000000 0.000000
0.576512 0.000000 0.000000
0.560968 0.000000 0.000000
0.575730 0.000000 0.000000
0.560968 0.000000 0.000000
0.542630 0.000000 0.000000
0.873423 0.000000 0.000000
0.880215 0.000000 0.000000
0.859001 0.000000 0.000000
0.713067 0.000000 0.000000
0.699579 0.000000 0.000000
0.716234 0.000000 0.000000
0.729360 0.000000 0.000000
0.716234 0.000000 0.000000
0.735972 0.000000 0.000000
0.748112 0.000000 0.000000
0.735972 0.000000 0.000000
0.753508 0.000000 0.000000
0.272191 0.000000 0.000000
0.253827 0.000000 0.000000
0.260076 0.000000 0.000000
0.276145 0.000000 0.000000
0.260076 0.000000 0.000000
0.271018 0.000000 0.000000
0.285406 0.000000 0.000000
0.271018 0.000000 0.000000
0.283721 0.000000 0.000000
0.537863 0.000000 0.000000
0.537863 0.000000 0.000000
0.520745 0.000000 0.000000
0.520745 0.000000 0.000000
0.520745 0.000000 0.000000
0.499012 0.000000 0.000000
0.499012 0.000000 0.000000
0.499012 0.000000 0.000000
0.478485 0.000000 0.000000
0.576512 0.000000 0.000000
0.565042 0.000000 0.000000
0.548064 0.000000 0.000000
0.560968 0.000000 0.000000
0.548064 0.000000 0.000000
0.528676 0.000000 0.000000
0.542630 0.000000 0.000000
0.528676 0.000000 0.000000
0.512075 0.000000 0.000000
0.699579 0.000000 0.000000
0.688501 0.000000 0.000000
0.705452 0.000000 0.000000
0.716234 0.000000 0.000000
0.705452 0.000000 0.000000
0.726002 0.000000 0.000000
0.735972 0.000000 0.000000
0.726002 0.000000 0.000000
0.744646 0.000000 0.000000
0.253827 0.000000 0.000000
0.235882 0.000000 0.000000
0.244374 0.000000 0.000000
0.260076 0.000000 0.000000
0.244374 0.000000 0.000000
0.256958 0.000000 0.000000
0.271018 0.000000 0.000000
0.256958 0.000000 0.000000
0.270263 0.000000 0.000000
0.537863 0.000000 0.000000
0.539626 0.000000 0.000000
0.522587 0.000000 0.000000
0.520745 0.000000 0.000000
0.522587 0.000000 0.000000
0.501068 0.000000 0.000000
0.499012 0.000000 0.000000
0.501068 0.000000 0.000000
0.480835 0.000000 0.000000
0.565042 0.000000 0.000000
0.555419 0.000000 0.000000
0.537238 0.000000 0.000000
0.548064 0.000000 0.000000
0.537238 0.000000 0.000000
0.516971 0.000000 0.000000
0.528676 0.000000 0.000000
0.516971 0.000000 0.000000
0.500047 0.000000 0.000000
0.688501 0.000000 0.000000
0.680022 0.000000 0.000000
0.697200 0.000000 0.000000
0.705452 0.000000 0.000000
0.697200 0.000000 0.000000
0.718371 0.000000 0.000000
0.726002 0.000000 0.000000
0.718371 0.000000 0.000000
0.737862 0.000000 0.000000
0.235882 0.000000 0.000000
0.218664 0.000000 0.000000
0.229309 0.000000 0.000000
0.244374 0.000000 0.000000
0.229309 0.000000 0.000000
0.243468 0.000000 0.000000
0.256958 0.000000 0.000000
0.243468 0.000000 0.000000
0.257349 0.000000 0.000000
0.539626 0.000000 0.000000
0.543122 0.000000 0.000000
0.526239 0.000000 0.000000
0.522587 0.000000 0.000000
0.526239 0.000000 0.000000
0.505147 0.000000 0.000000
0.501068 0.000000 0.000000
0.505147 0.000000 0.000000
0.485497 0.000000 0.000000
0.555419 0.000000 0.000000
0.547809 0.000000 0.000000
0.528677 0.000000 0.000000
0.537238 0.000000 0.000000
0.528677 0.000000 0.000000
0.507712 0.000000 0.000000
0.516971 0.000000 0.000000
0.507712 0.000000 0.000000
0.490534 0.000000 0.000000
0.680022 0.000000 0.000000
0.674287 0.000000 0.000000
0.691619 0.000000 0.000000
0.697200 0.000000 0.000000
0.691619 0.000000 0.000000
0.713210 0.000000 0.000000
0.718371 0.000000 0.000000
0.713210 0.000000 0.000000
0.733274 0.000000 0.000000
0.218664 0.000000 0.000000
0.202468 0.000000 0.000000
0.215137 0.000000 0.000000
0.229309 0.000000 0.000000
0.215137 0.000000 0.000000
0.230778 0.000000 0.000000
0.243468 0.000000 0.000000
0.230778 0.000000 0.000000
0.245202 0.000000 0.000000
0.543122 0.000000 0.000000
0.548291 0.000000 0.000000
0.531638 0.000000 0.000000
0.526239 0.000000 0.000000
0.531638 0.000000 0.000000
0.511176 0.000000 0.000000
0.505147 0.000000 0.000000
0.511176 0.000000 0.000000
0.492388 0.000000 0.000000
0.547809 0.000000 0.000000
0.542341 0.000000 0.000000
0.522526 0.000000 0.000000
0.528677 0.000000 0.000000
0.522526 0.000000 0.000000
0.501062 0.000000 0.000000
0.507712 0.000000 0.000000
0.501062 0.000000 0.000000
0.483700 0.000000 0.000000
0.674287 0.000000 0.000000
0.671395 0.000000 0.000000
0.688804 0.000000 0.000000
0.691619 0.000000 0.000000
0.688804 0.000000 0.000000
0.710607 0.000000 0.000000
0.713210 0.000000 0.000000
0.710607 0.000000 0.000000
0.730961 0.000000 0.000000
0.202468 0.000000 0.000000
0.187570 0.000000 0.000000
0.202101 0.000000 0.000000
0.215137 0.000000 0.000000
0.202101 0.000000 0.000000
0.219106 0.000000 0.000000
0.230778 0.000000 0.000000
0.219106 0.000000 0.000000
0.234028 0.000000 0.000000
0.548291 0.000000 0.000000
0.555044 0.000000 0.000000
0.538693 0.000000 0.000000
0.531638 0.000000 0.000000
0.538693 0.000000 0.000000
0.519056 0.000000 0.000000
0.511176 0.000000 0.000000
0.519056 0.000000 0.000000
0.501393 0.000000 0.000000
0.542341 0.000000 0.000000
0.539110 0.000000 0.000000
0.518890 0.000000 0.000000
0.522526 0.000000 0.000000
0.518890 0.000000 0.000000
0.497130 0.000000 0.000000
0.501062 0.000000 0.000000
0.497130 0.000000 0.000000
0.479660 0.000000 0.000000
0.671395 0.000000 0.000000
0.671395 0.000000 0.000000
0.688804 0.000000 0.000000
0.688804 0.000000 0.000000
0.688804 0.000000 0.000000
0.710607 0.000000 0.000000
0.710607 0.000000 0.000000
0.710607 0.000000 0.000000
0.730961 0.000000 0.000000
0.187570 0.000000 0.000000
0.174225 0.000000 0.000000
0.190424 0.000000 0.000000
0.202101 0.000000 0.000000
0.190424 0.000000 0.000000
0.208651 0.000000 0.000000
0.219106 0.000000 0.000000
0.208651 0.000000 0.000000
0.224019 0.000000 0.000000
0.555044 0.000000 0.000000
0.563266 0.000000 0.000000
0.547283 0.000000 0.000000
0.538693 0.000000 0.000000
0.547283 0.000000 0.000000
0.528648 0.000000 0.000000
0.519056 0.000000 0.000000
0.528648 0.000000 0.000000
0.512356 0.000000 0.000000
0.539110 0.000000 0.000000
0.538170 0.000000 0.000000
0.517832 0.000000 0.000000
0.518890 0.000000 0.000000
0.517832 0.000000 0.000000
0.495987 0.000000 0.000000
0.497130 0.000000 0.000000
0.495987 0.000000 0.000000
0.478485 0.000000 0.000000
0.671395 0.000000 0.000000
0.674287 0.000000 0.000000
0.643471 0.000000 0.000000
0.688804 0.000000 0.000000
0.643471 0.000000 0.000000
0.713210 0.000000 0.000000
0.710607 0.000000 0.000000
0.713210 0.000000 0.000000
0.733274 0.000000 0.000000
0.174225 0.000000 0.000000
0.162662 0.000000 0.000000
0.180307 0.000000 0.000000
0.190424 0.000000 0.000000
0.180307 0.000000 0.000000
0.199591 0.000000 0.000000
0.208651 0.000000 0.000000
0.199591 0.000000 0.000000
0.215347 0.000000 0.000000
0.563266 0.000000 0.000000
0.572817 0.000000 0.000000
0.557260 0.000000 0.000000
0.547283 0.000000 0.000000
0.557260 0.000000 0.000000
0.539790 0.000000 0.000000
0.528648 0.000000 0.000000
0.539790 0.000000 0.000000
0.525090 0.000000 0.000000
0.538170 0.000000 0.000000
0.539537 0.000000 0.000000
0.519371 0.000000 0.000000
0.517832 0.000000 0.000000
0.519371 0.000000 0.000000
0.497650 0.000000 0.000000
0.495987 0.000000 0.000000
0.497650 0.000000 0.000000
0.480194 0.000000 0.000000
0.674287 0.000000 0.000000
0.680022 0.000000 0.000000
0.697200 0.000000 0.000000
0.643471 0.000000 0.000000
0.697200 0.000000 0.000000
0.718371 0.000000 0.000000
0.713210 0.000000 0.000000
0.718371 0.000000 0.000000
0.737862 0.000000 0.000000
0.162662 0.000000 0.000000
0.153078 0.000000 0.000000
0.171921 0.000000 0.000000
0.180307 0.000000 0.000000
0.171921 0.000000 0.000000
0.192081 0.000000 0.000000
0.199591 0.000000 0.000000
0.192081 0.000000 0.000000
0.208159 0.000000 0.000000
0.572817 0.000000 0.000000
0.583532 0.000000 0.000000
0.568454 0.000000 0.000000
0.557260 0.000000 0.000000
0.568454 0.000000 0.000000
0.552292 0.000000 0.000000
0.539790 0.000000 0.000000
0.552292 0.000000 0.000000
0.539377 0.000000 0.000000
0.539537 0.000000 0.000000
0.543189 0.000000 0.000000
0.523479 0.000000 0.000000
0.519371 0.000000 0.000000
0.523479 0.000000 0.000000
0.502093 0.000000 0.000000
0.497650 0.000000 0.000000
0.502093 0.000000 0.000000
0.484759 0.000000 0.000000
0.680022 0.000000 0.000000
0.688501 0.000000 0.000000
0.705452 0.000000 0.000000
0.697200 0.000000 0.000000
0.705452 0.000000 0.000000
0.726002 0.000000 0.000000
0.718371 0.000000 0.000000
0.726002 0.000000 0.000000
0.744646 0.000000 0.000000
0.153078 0.000000 0.000000
0.145637 0.000000 0.000000
0.165411 0.000000 0.000000
0.171921 0.000000 0.000000
0.165411 0.000000 0.000000
0.186253 0.000000 0.000000
0.192081 0.000000 0.000000
0.186253 0.000000 0.000000
0.202578 0.000000 0.000000
0.583532 0.000000 0.000000
0.595229 0.000000 0.000000
0.580673 0.000000 0.000000
0.568454 0.000000 0.000000
0.580673 0.000000 0.000000
0.565938 0.000000 0.000000
0.552292 0.000000 0.000000
0.565938 0.000000 0.000000
0.554973 0.000000 0.000000
0.543189 0.000000 0.000000
0.549062 0.000000 0.000000
0.530087 0.000000 0.000000
0.523479 0.000000 0.000000
0.530087 0.000000 0.000000
0.509237 0.000000 0.000000
0.502093 0.000000 0.000000
0.509237 0.000000 0.000000
0.492100 0.000000 0.000000
0.909833 0.000000 0.000000
0.902266 0.000000 0.000000
0.180392 0.160784 0.376471
0.705452 0.000000 0.000000
0.716234 0.000000 0.000000
0.735972 0.000000 0.000000
0.726002 0.000000 0.000000
0.735972 0.000000 0.000000
0.753508 0.000000 0.000000
0.145637 0.000000 0.000000
0.140468 0.000000 0.000000
0.160887 0.000000 0.000000
0.165411 0.000000 0.000000
0.160887 0.000000 0.000000
0.182202 0.000000 0.000000
0.186253 0.000000 0.000000
0.182202 0.000000 0.000000
0.198701 0.000000 0.000000
0.949071 0.000000 0.000000
0.944489 0.000000 0.000000
0.923256 0.000000 0.000000
0.580673 0.000000 0.000000
0.593709 0.000000 0.000000
0.580497 0.000000 0.000000
0.565938 0.000000 0.000000
0.580497 0.000000 0.000000
0.571611 0.000000 0.000000
0.549062 0.000000 0.000000
0.557056 0.000000 0.000000
0.539080 0.000000 0.000000
0.530087 0.000000 0.000000
0.539080 0.000000 0.000000
0.518963 0.000000 0.000000
0.509237 0.000000 0.000000
0.518963 0.000000 0.000000
0.502093 0.000000 0.000000
0.902266 0.000000 0.000000
0.895443 0.000000 0.000000
0.916879 0.000000 0.000000
0.716234 0.000000 0.000000
0.729360 0.000000 0.000000
0.748112 0.000000 0.000000
0.735972 0.000000 0.000000
0.748112 0.000000 0.000000
0.764299 0.000000 0.000000
0.140468 0.000000 0.000000
0.137658 0.000000 0.000000
0.158428 0.000000 0.000000
0.160887 0.000000 0.000000
0.158428 0.000000 0.000000
0.180000 0.000000 0.000000
0.182202 0.000000 0.000000
0.180000 0.000000 0.000000
0.196594 0.000000 0.000000
0.944489 0.000000 0.000000
0.940345 0.000000 0.000000
0.918927 0.000000 0.000000
0.593709 0.000000 0.000000
0.607338 0.000000 0.000000
0.595718 0.000000 0.000000
0.580497 0.000000 0.000000
0.595718 0.000000 0.000000
0.589006 0.000000 0.000000
0.557056 0.000000 0.000000
0.567035 0.000000 0.000000
0.550306 0.000000 0.000000
0.539080 0.000000 0.000000
0.550306 0.000000 0.000000
0.531101 0.000000 0.000000
0.518963 0.000000 0.000000
0.531101 0.000000 0.000000
0.514567 0.000000 0.000000
0.895443 0.000000 0.000000
0.889480 0.000000 0.000000
0.911075 0.000000 0.000000
0.729360 0.000000 0.000000
0.744608 0.000000 0.000000
0.762213 0.000000 0.000000
0.748112 0.000000 0.000000
0.762213 0.000000 0.000000
0.776832 0.000000 0.000000
0.137658 0.000000 0.000000
0.137255 0.000000 0.000000
0.158076 0.000000 0.000000
0.158428 0.000000 0.000000
0.158076 0.000000 0.000000
0.179685 0.000000 0.000000
0.180000 0.000000 0.000000
0.179685 0.000000 0.000000
0.196292 0.000000 0.000000
0.940345 0.000000 0.000000
0.936712 0.000000 0.000000
0.915131 0.000000 0.000000
0.607338 0.000000 0.000000
0.621327 0.000000 0.000000
0.611340 0.000000 0.000000
0.595718 0.000000 0.000000
0.611340 0.000000 0.000000
0.606861 0.000000 0.000000
0.567035 0.000000 0.000000
0.578828 0.000000 0.000000
0.563573 0.000000 0.000000
0.550306 0.000000 0.000000
0.563573 0.000000 0.000000
0.545447 0.000000 0.000000
0.531101 0.000000 0.000000
0.545447 0.000000 0.000000
0.529308 0.000000 0.000000
0.889480 0.000000 0.000000
0.884478 0.000000 0.000000
0.906208 0.000000 0.000000
0.911075 0.000000 0.000000
0.906208 0.000000 0.000000
0.925396 0.000000 0.000000
0.762213 0.000000 0.000000
0.778033 0.000000 0.000000
0.790895 0.000000 0.000000
0.137255 0.000000 0.000000
0.139266 0.000000 0.000000
0.159836 0.000000 0.000000
0.158076 0.000000 0.000000
0.159836 0.000000 0.000000
0.181260 0.000000 0.000000
0.955306 0.000000 0.000000
0.952107 0.000000 0.000000
0.933649 0.000000 0.000000
0.936712 0.000000 0.000000
0.933649 0.000000 0.000000
0.911932 0.000000 0.000000
0.915131 0.000000 0.000000
0.911932 0.000000 0.000000
0.892775 0.000000 0.000000
0.611340 0.000000 0.000000
0.627098 0.000000 0.000000
0.624870 0.000000 0.000000
0.578828 0.000000 0.000000
0.592232 0.000000 0.000000
0.578653 0.000000 0.000000
0.563573 0.000000 0.000000
0.578653 0.000000 0.000000
0.561754 0.000000 0.000000
0.870896 0.000000 0.000000
0.866030 0.000000 0.000000
0.884478 0.000000 0.000000
0.884478 0.000000 0.000000
0.880524 0.000000 0.000000
0.902360 0.000000 0.000000
0.906208 0.000000 0.000000
0.902360 0.000000 0.000000
0.921837 0.000000 0.000000
0.778033 0.000000 0.000000
0.795303 0.000000 0.000000
0.806246 0.000000 0.000000
0.139266 0.000000 0.000000
0.143657 0.000000 0.000000
0.163677 0.000000 0.000000
0.159836 0.000000 0.000000
0.163677 0.000000 0.000000
0.184701 0.000000 0.000000
0.952107 0.000000 0.000000
0.949560 0.000000 0.000000
0.931212 0.000000 0.000000
0.933649 0.000000 0.000000
0.931212 0.000000 0.000000
0.909386 0.000000 0.000000
0.911932 0.000000 0.000000
0.909386 0.000000 0.000000
0.889931 0.000000 0.000000
0.627098 0.000000 0.000000
0.642721 0.000000 0.000000
0.642724 0.000000 0.000000
0.592232 0.000000 0.000000
0.607019 0.000000 0.000000
0.595288 0.000000 0.000000
0.578653 0.000000 0.000000
0.595288 0.000000 0.000000
0.579742 0.000000 0.000000
0.866030 0.000000 0.000000
0.862181 0.000000 0.000000
0.880524 0.000000 0.000000
0.880524 0.000000 0.000000
0.877685 0.000000 0.000000
0.899596 0.000000 0.000000
0.902360 0.000000 0.000000
0.899596 0.000000 0.000000
0.919282 0.000000 0.000000
0.795303 0.000000 0.000000
0.813726 0.000000 0.000000
0.822622 0.000000 0.000000
0.143657 0.000000 0.000000
0.150353 0.000000 0.000000
0.169536 0.000000 0.000000
0.163677 0.000000 0.000000
0.169536 0.000000 0.000000
0.189947 0.000000 0.000000
0.949560 0.000000 0.000000
0.947710 0.000000 0.000000
0.929440 0.000000 0.000000
0.931212 0.000000 0.000000
0.929440 0.000000 0.000000
0.907534 0.000000 0.000000
0.909386 0.000000 0.000000
0.907534 0.000000 0.000000
0.887864 0.000000 0.000000
0.642721 0.000000 0.000000
0.657941 0.000000 0.000000
0.660120 0.000000 0.000000
0.607019 0.000000 0.000000
0.622935 0.000000 0.000000
0.613193 0.000000 0.000000
0.595288 0.000000 0.000000
0.613193 0.000000 0.000000
0.599104 0.000000 0.000000
0.862181 0.000000 0.000000
0.859418 0.000000 0.000000
0.877685 0.000000 0.000000
0.877685 0.000000 0.000000
0.876010 0.000000 0.000000
0.897966 0.000000 0.000000
0.899596 0.000000 0.000000
0.897966 0.000000 0.000000
0.917774 0.000000 0.000000
0.813726 0.000000 0.000000
0.832988 0.000000 0.000000
0.839743 0.000000 0.000000
0.150353 0.000000 0.000000
0.159239 0.000000 0.000000
0.177311 0.000000 0.000000
0.169536 0.000000 0.000000
0.177311 0.000000 0.000000
0.196909 0.000000 0.000000
0.947710 0.000000 0.000000
0.946587 0.000000 0.000000
0.928365 0.000000 0.000000
0.929440 0.000000 0.000000
0.928365 0.000000 0.000000
0.906411 0.000000 0.000000
0.907534 0.000000 0.000000
0.906411 0.000000 0.000000
0.886609 0.000000 0.000000
0.657941 0.000000 0.000000
0.672499 0.000000 0.000000
0.676757 0.000000 0.000000
0.622935 0.000000 0.000000
0.639708 0.000000 0.000000
0.632064 0.000000 0.000000
0.613193 0.000000 0.000000
0.632064 0.000000 0.000000
0.619510 0.000000 0.000000
0.859418 0.000000 0.000000
0.857788 0.000000 0.000000
0.876010 0.000000 0.000000
0.876010 0.000000 0.000000
0.875527 0.000000 0.000000
0.897496 0.000000 0.000000
0.897966 0.000000 0.000000
0.897496 0.000000 0.000000
0.917340 0.000000 0.000000
0.832988 0.000000 0.000000
0.852759 0.000000 0.000000
0.857317 0.000000 0.000000
0.159239 0.000000 0.000000
0.170163 0.000000 0.000000
0.186870 0.000000 0.000000
0.177311 0.000000 0.000000
0.186870 0.000000 0.000000
0.205467 0.000000 0.000000
0.946587 0.000000 0.000000
0.946210 0.000000 0.000000
0.928004 0.000000 0.000000
0.928365 0.000000 0.000000
0.928004 0.000000 0.000000
0.906035 0.000000 0.000000
0.906411 0.000000 0.000000
0.906035 0.000000 0.000000
0.886189 0.000000 0.000000
0.672499 0.000000 0.000000
0.686146 0.000000 0.000000
0.692354 0.000000 0.000000
0.639708 0.000000 0.000000
0.657052 0.000000 0.000000
0.651575 0.000000 0.000000
0.632064 0.000000 0.000000
0.651575 0.000000 0.000000
0.640608 0.000000 0.000000
0.857788 0.000000 0.000000
0.857317 0.000000 0.000000
0.875527 0.000000 0.000000
0.875527 0.000000 0.000000
0.876244 0.000000 0.000000
0.898195 0.000000 0.000000
0.897496 0.000000 0.000000
0.898195 0.000000 0.000000
0.917986 0.000000 0.000000
0.159823 0.000000 0.000000
0.174194 0.000000 0.000000
0.182937 0.000000 0.000000
0.416484 0.000000 0.000000
0.399011 0.000000 0.000000
0.405418 0.000000 0.000000
0.420705 0.000000 0.000000
0.405418 0.000000 0.000000
0.417110 0.000000 0.000000
0.946210 0.000000 0.000000
0.946587 0.000000 0.000000
0.928365 0.000000 0.000000
0.928004 0.000000 0.000000
0.928365 0.000000 0.000000
0.906411 0.000000 0.000000
0.906035 0.000000 0.000000
0.906411 0.000000 0.000000
0.886609 0.000000 0.000000
0.288011 0.000000 0.000000
0.272568 0.000000 0.000000
0.268647 0.000000 0.000000
0.692354 0.000000 0.000000
0.706641 0.000000 0.000000
0.721342 0.000000 0.000000
0.651575 0.000000 0.000000
0.671395 0.000000 0.000000
0.662039 0.000000 0.000000
0.857317 0.000000 0.000000
0.858016 0.000000 0.000000
0.876244 0.000000 0.000000
0.876244 0.000000 0.000000
0.878151 0.000000 0.000000
0.900050 0.000000 0.000000
0.898195 0.000000 0.000000
0.900050 0.000000 0.000000
0.919701 0.000000 0.000000
0.174194 0.000000 0.000000
0.190403 0.000000 0.000000
0.197345 0.000000 0.000000
0.399011 0.000000 0.000000
0.381936 0.000000 0.000000
0.390477 0.000000 0.000000
0.405418 0.000000 0.000000
0.390477 0.000000 0.000000
0.403732 0.000000 0.000000
0.946587 0.000000 0.000000
0.947710 0.000000 0.000000
0.929440 0.000000 0.000000
0.928365 0.000000 0.000000
0.929440 0.000000 0.000000
0.907534 0.000000 0.000000
0.906411 0.000000 0.000000
0.907534 0.000000 0.000000
0.887864 0.000000 0.000000
0.272568 0.000000 0.000000
0.257178 0.000000 0.000000
0.251059 0.000000 0.000000
0.706641 0.000000 0.000000
0.719375 0.000000 0.000000
0.735667 0.000000 0.000000
0.721342 0.000000 0.000000
0.735667 0.000000 0.000000
0.754302 0.000000 0.000000
0.858016 0.000000 0.000000
0.859871 0.000000 0.000000
0.878151 0.000000 0.000000
0.878151 0.000000 0.000000
0.881213 0.000000 0.000000
0.903030 0.000000 0.000000
0.900050 0.000000 0.000000
0.903030 0.000000 0.000000
0.922457 0.000000 0.000000
0.190403 0.000000 0.000000
0.208171 0.000000 0.000000
0.213139 0.000000 0.000000
0.381936 0.000000 0.000000
0.365551 0.000000 0.000000
0.376140 0.000000 0.000000
0.390477 0.000000 0.000000
0.376140 0.000000 0.000000
0.390894 0.000000 0.000000
0.947710 0.000000 0.000000
0.949560 0.000000 0.000000
0.931212 0.000000 0.000000
0.929440 0.000000 0.000000
0.931212 0.000000 0.000000
0.909386 0.000000 0.000000
0.907534 0.000000 0.000000
0.909386 0.000000 0.000000
0.889931 0.000000 0.000000
0.257178 0.000000 0.000000
0.242105 0.000000 0.000000
0.233832 0.000000 0.000000
0.719375 0.000000 0.000000
0.730338 0.000000 0.000000
0.748001 0.000000 0.000000
0.735667 0.000000 0.000000
0.748001 0.000000 0.000000
0.767639 0.000000 0.000000
0.859871 0.000000 0.000000
0.862851 0.000000 0.000000
0.881213 0.000000 0.000000
0.881213 0.000000 0.000000
0.885378 0.000000 0.000000
0.907083 0.000000 0.000000
0.903030 0.000000 0.000000
0.907083 0.000000 0.000000
0.926205 0.000000 0.000000
0.208171 0.000000 0.000000
0.227193 0.000000 0.000000
0.230048 0.000000 0.000000
0.365551 0.000000 0.000000
0.350136 0.000000 0.000000
0.362652 0.000000 0.000000
0.376140 0.000000 0.000000
0.362652 0.000000 0.000000
0.378817 0.000000 0.000000
0.949560 0.000000 0.000000
0.952107 0.000000 0.000000
0.933649 0.000000 0.000000
0.931212 0.000000 0.000000
0.933649 0.000000 0.000000
0.911932 0.000000 0.000000
0.909386 0.000000 0.000000
0.911932 0.000000 0.000000
0.892775 0.000000 0.000000
0.242105 0.000000 0.000000
0.227608 0.000000 0.000000
0.217264 0.000000 0.000000
0.730338 0.000000 0.000000
0.739342 0.000000 0.000000
0.758131 0.000000 0.000000
0.748001 0.000000 0.000000
0.758131 0.000000 0.000000
0.778593 0.000000 0.000000
0.862851 0.000000 0.000000
0.866905 0.000000 0.000000
0.885378 0.000000 0.000000
0.885378 0.000000 0.000000
0.890575 0.000000 0.000000
0.912141 0.000000 0.000000
0.907083 0.000000 0.000000
0.912141 0.000000 0.000000
0.930883 0.000000 0.000000
0.227193 0.000000 0.000000
0.247146 0.000000 0.000000
0.247784 0.000000 0.000000
0.350136 0.000000 0.000000
0.335955 0.000000 0.000000
0.350243 0.000000 0.000000
0.362652 0.000000 0.000000
0.350243 0.000000 0.000000
0.367705 0.000000 0.000000
0.952107 0.000000 0.000000
0.955306 0.000000 0.000000
0.936712 0.000000 0.000000
0.933649 0.000000 0.000000
0.936712 0.000000 0.000000
0.915131 0.000000 0.000000
0.911932 0.000000 0.000000
0.915131 0.000000 0.000000
0.896347 0.000000 0.000000
0.227608 0.000000 0.000000
0.213934 0.000000 0.000000
0.201636 0.000000 0.000000
0.739342 0.000000 0.000000
0.746234 0.000000 0.000000
0.765884 0.000000 0.000000
0.758131 0.000000 0.000000
0.765884 0.000000 0.000000
0.786976 0.000000 0.000000
0.866905 0.000000 0.000000
0.871963 0.000000 0.000000
0.890575 0.000000 0.000000
