5184
1.113002  -0.060212 -0.172219
1.102308  -0.060212 -0.335377
1.069101  0.064788 -0.331005
1.079508  0.064788 -0.172219
1.069101  0.064788 -0.331005
0.978377  0.156294 -0.319061
0.988002  0.156294 -0.172219
0.978377  0.156294 -0.319061
0.854447  0.189788 -0.302745
0.863002  0.189788 -0.172219
0.854447  0.189788 -0.302745
0.730516  0.156294 -0.286429
0.738002  0.156294 -0.172219
0.730516  0.156294 -0.286429
0.639792  0.064788 -0.274485
0.646495  0.064788 -0.172219
0.639792  0.064788 -0.274485
0.606585  -0.060212 -0.270114
0.613002  -0.060212 -0.172219
0.606585  -0.060212 -0.270114
0.639792  -0.185212 -0.274485
0.646495  -0.185212 -0.172219
0.639792  -0.185212 -0.274485
0.730516  -0.276719 -0.286429
0.738002  -0.276719 -0.172219
0.730516  -0.276719 -0.286429
0.854447  -0.310212 -0.302745
0.863002  -0.310212 -0.172219
0.854447  -0.310212 -0.302745
0.978377  -0.276719 -0.319061
0.988002  -0.276719 -0.172219
0.978377  -0.276719 -0.319061
1.069101  -0.185212 -0.331005
1.113002  -0.060212 -0.172219
1.079508  -0.185212 -0.172219
1.069101  -0.185212 -0.331005
1.102308  -0.060212 -0.335377
1.070409  -0.060212 -0.495743
1.038057  0.064788 -0.487074
1.069101  0.064788 -0.331005
1.038057  0.064788 -0.487074
0.949668  0.156294 -0.463390
0.978377  0.156294 -0.319061
0.949668  0.156294 -0.463390
0.828928  0.189788 -0.431038
0.854447  0.189788 -0.302745
0.828928  0.189788 -0.431038
0.708187  0.156294 -0.398686
0.730516  0.156294 -0.286429
0.708187  0.156294 -0.398686
0.619798  0.064788 -0.375002
0.639792  0.064788 -0.274485
0.619798  0.064788 -0.375002
0.587446  -0.060212 -0.366333
0.606585  -0.060212 -0.270114
0.587446  -0.060212 -0.366333
0.619798  -0.185212 -0.375002
0.639792  -0.185212 -0.274485
0.619798  -0.185212 -0.375002
0.708187  -0.276719 -0.398686
0.730516  -0.276719 -0.286429
0.708187  -0.276719 -0.398686
0.828928  -0.310212 -0.431038
0.854447  -0.310212 -0.302745
0.828928  -0.310212 -0.431038
0.949668  -0.276719 -0.463390
0.978377  -0.276719 -0.319061
0.949668  -0.276719 -0.463390
1.038057  -0.185212 -0.487074
1.069101  -0.185212 -0.331005
1.038057  -0.185212 -0.487074
1.070409  -0.060212 -0.495743
1.070409  -0.060212 -0.495743
1.017851  -0.060212 -0.650573
0.986907  0.064788 -0.637756
1.038057  0.064788 -0.487074
0.986907  0.064788 -0.637756
0.902366  0.156294 -0.602738
0.949668  0.156294 -0.463390
0.902366  0.156294 -0.602738
0.786881  0.189788 -0.554902
0.828928  0.189788 -0.431038
0.786881  0.189788 -0.554902
0.671396  0.156294 -0.507067
0.708187  0.156294 -0.398686
0.671396  0.156294 -0.507067
0.586855  0.064788 -0.472049
0.619798  0.064788 -0.375002
0.586855  0.064788 -0.472049
0.555911  -0.060212 -0.459232
0.587446  -0.060212 -0.366333
0.555911  -0.060212 -0.459232
0.586855  -0.185212 -0.472049
0.619798  -0.185212 -0.375002
0.586855  -0.185212 -0.472049
0.671396  -0.276719 -0.507067
0.708187  -0.276719 -0.398686
0.671396  -0.276719 -0.507067
0.786881  -0.310212 -0.554902
0.828928  -0.310212 -0.431038
0.786881  -0.310212 -0.554902
0.902366  -0.276719 -0.602738
0.949668  -0.276719 -0.463390
0.902366  -0.276719 -0.602738
0.986907  -0.185212 -0.637756
1.038057  -0.185212 -0.487074
0.986907  -0.185212 -0.637756
1.017851  -0.060212 -0.650573
1.017851  -0.060212 -0.650573
0.945533  -0.060212 -0.797219
0.916527  0.064788 -0.780472
0.986907  0.064788 -0.637756
0.916527  0.064788 -0.780472
0.837280  0.156294 -0.734719
0.902366  0.156294 -0.602738
0.837280  0.156294 -0.734719
0.729027  0.189788 -0.672219
0.786881  0.189788 -0.554902
0.729027  0.189788 -0.672219
0.620774  0.156294 -0.609719
0.671396  0.156294 -0.507067
0.620774  0.156294 -0.609719
0.541527  0.064788 -0.563966
0.586855  0.064788 -0.472049
0.541527  0.064788 -0.563966
0.512521  -0.060212 -0.547219
0.555911  -0.060212 -0.459232
0.512521  -0.060212 -0.547219
0.541527  -0.185212 -0.563966
0.586855  -0.185212 -0.472049
0.541527  -0.185212 -0.563966
0.620774  -0.276719 -0.609719
0.671396  -0.276719 -0.507067
0.620774  -0.276719 -0.609719
0.729027  -0.310212 -0.672219
0.786881  -0.310212 -0.554902
0.729027  -0.310212 -0.672219
0.837280  -0.276719 -0.734719
0.902366  -0.276719 -0.602738
0.837280  -0.276719 -0.734719
0.916527  -0.185212 -0.780472
0.986907  -0.185212 -0.637756
0.916527  -0.185212 -0.780472
0.945533  -0.060212 -0.797219
0.945533  -0.060212 -0.797219
0.854694  -0.060212 -0.933171
0.828121  0.064788 -0.912781
0.916527  0.064788 -0.780472
0.828121  0.064788 -0.912781
0.755524  0.156294 -0.857076
0.837280  0.156294 -0.734719
0.755524  0.156294 -0.857076
0.656355  0.189788 -0.780980
0.729027  0.189788 -0.672219
0.656355  0.189788 -0.780980
0.557186  0.156294 -0.704885
0.620774  0.156294 -0.609719
0.557186  0.156294 -0.704885
0.484589  0.064788 -0.649180
0.541527  0.064788 -0.563966
0.484589  0.064788 -0.649180
0.458017  -0.060212 -0.628790
0.512521  -0.060212 -0.547219
0.458017  -0.060212 -0.628790
0.484589  -0.185212 -0.649180
0.541527  -0.185212 -0.563966
0.484589  -0.185212 -0.649180
0.557186  -0.276719 -0.704885
0.620774  -0.276719 -0.609719
0.557186  -0.276719 -0.704885
0.656355  -0.310212 -0.780980
0.729027  -0.310212 -0.672219
0.656355  -0.310212 -0.780980
0.755524  -0.276719 -0.857076
0.837280  -0.276719 -0.734719
0.755524  -0.276719 -0.857076
0.828121  -0.185212 -0.912781
0.916527  -0.185212 -0.780472
0.828121  -0.185212 -0.912781
0.854694  -0.060212 -0.933171
0.854694  -0.060212 -0.933171
0.746885  -0.060212 -1.056103
0.723202  0.064788 -1.032419
0.828121  0.064788 -0.912781
0.723202  0.064788 -1.032419
0.658497  0.156294 -0.967714
0.755524  0.156294 -0.857076
0.658497  0.156294 -0.967714
0.570108  0.189788 -0.879326
0.656355  0.189788 -0.780980
0.570108  0.189788 -0.879326
0.481720  0.156294 -0.790937
0.557186  0.156294 -0.704885
0.481720  0.156294 -0.790937
0.417015  0.064788 -0.726233
0.484589  0.064788 -0.649180
0.417015  0.064788 -0.726233
0.393332  -0.060212 -0.702549
0.458017  -0.060212 -0.628790
0.393332  -0.060212 -0.702549
0.417015  -0.185212 -0.726233
0.484589  -0.185212 -0.649180
0.417015  -0.185212 -0.726233
0.481720  -0.276719 -0.790937
0.557186  -0.276719 -0.704885
0.481720  -0.276719 -0.790937
0.570108  -0.310212 -0.879326
0.656355  -0.310212 -0.780980
0.570108  -0.310212 -0.879326
0.658497  -0.276719 -0.967714
0.755524  -0.276719 -0.857076
0.658497  -0.276719 -0.967714
0.723202  -0.185212 -1.032419
0.828121  -0.185212 -0.912781
0.723202  -0.185212 -1.032419
0.746885  -0.060212 -1.056103
0.746885  -0.060212 -1.056103
0.623954  -0.060212 -1.163911
0.603564  0.064788 -1.137338
0.723202  0.064788 -1.032419
0.603564  0.064788 -1.137338
0.547858  0.156294 -1.064741
0.658497  0.156294 -0.967714
0.547858  0.156294 -1.064741
0.471763  0.189788 -0.965572
0.570108  0.189788 -0.879326
0.471763  0.189788 -0.965572
0.395668  0.156294 -0.866403
0.481720  0.156294 -0.790937
0.395668  0.156294 -0.866403
0.339962  0.064788 -0.793806
0.417015  0.064788 -0.726233
0.339962  0.064788 -0.793806
0.319573  -0.060212 -0.767234
0.393332  -0.060212 -0.702549
0.319573  -0.060212 -0.767234
0.339962  -0.185212 -0.793806
0.417015  -0.185212 -0.726233
0.339962  -0.185212 -0.793806
0.395668  -0.276719 -0.866403
0.481720  -0.276719 -0.790937
0.395668  -0.276719 -0.866403
0.471763  -0.310212 -0.965572
0.570108  -0.310212 -0.879326
0.471763  -0.310212 -0.965572
0.547858  -0.276719 -1.064741
0.658497  -0.276719 -0.967714
0.547858  -0.276719 -1.064741
0.603564  -0.185212 -1.137338
0.723202  -0.185212 -1.032419
0.603564  -0.185212 -1.137338
0.623954  -0.060212 -1.163911
0.623954  -0.060212 -1.163911
0.488002  -0.060212 -1.254751
0.471255  0.064788 -1.225744
0.603564  0.064788 -1.137338
0.471255  0.064788 -1.225744
0.425502  0.156294 -1.146498
0.547858  0.156294 -1.064741
0.425502  0.156294 -1.146498
0.363002  0.189788 -1.038244
0.471763  0.189788 -0.965572
0.363002  0.189788 -1.038244
0.300502  0.156294 -0.929991
0.395668  0.156294 -0.866403
0.300502  0.156294 -0.929991
0.254748  0.064788 -0.850744
0.339962  0.064788 -0.793806
0.254748  0.064788 -0.850744
0.238002  -0.060212 -0.821738
0.319573  -0.060212 -0.767234
0.238002  -0.060212 -0.821738
0.254748  -0.185212 -0.850744
0.339962  -0.185212 -0.793806
0.254748  -0.185212 -0.850744
0.300502  -0.276719 -0.929991
0.395668  -0.276719 -0.866403
0.300502  -0.276719 -0.929991
0.363002  -0.310212 -1.038244
0.471763  -0.310212 -0.965572
0.363002  -0.310212 -1.038244
0.425502  -0.276719 -1.146498
0.547858  -0.276719 -1.064741
0.425502  -0.276719 -1.146498
0.471255  -0.185212 -1.225744
0.603564  -0.185212 -1.137338
0.471255  -0.185212 -1.225744
0.488002  -0.060212 -1.254751
0.488002  -0.060212 -1.254751
0.341356  -0.060212 -1.327068
0.328539  0.064787 -1.296124
0.471255  0.064788 -1.225744
0.328539  0.064787 -1.296124
0.293521  0.156294 -1.211583
0.425502  0.156294 -1.146498
0.293521  0.156294 -1.211583
0.245685  0.189787 -1.096098
0.363002  0.189788 -1.038244
0.245685  0.189787 -1.096098
0.197850  0.156294 -0.980614
0.300502  0.156294 -0.929991
0.197850  0.156294 -0.980614
0.162832  0.064787 -0.896073
0.254748  0.064788 -0.850744
0.162832  0.064787 -0.896073
0.150014  -0.060212 -0.865129
0.238002  -0.060212 -0.821738
0.150014  -0.060212 -0.865129
0.162832  -0.185212 -0.896073
0.254748  -0.185212 -0.850744
0.162832  -0.185212 -0.896073
0.197850  -0.276719 -0.980614
0.300502  -0.276719 -0.929991
0.197850  -0.276719 -0.980614
0.245685  -0.310212 -1.096098
0.363002  -0.310212 -1.038244
0.245685  -0.310212 -1.096098
0.293521  -0.276719 -1.211583
0.425502  -0.276719 -1.146498
0.293521  -0.276719 -1.211583
0.328539  -0.185212 -1.296124
0.471255  -0.185212 -1.225744
0.328539  -0.185212 -1.296124
0.341356  -0.060212 -1.327068
0.341356  -0.060212 -1.327068
0.186525  -0.060212 -1.379626
0.177857  0.064788 -1.347274
0.328539  0.064787 -1.296124
0.177857  0.064788 -1.347274
0.154173  0.156294 -1.258886
0.293521  0.156294 -1.211583
0.154173  0.156294 -1.258886
0.121821  0.189788 -1.138145
0.245685  0.189787 -1.096098
0.121821  0.189788 -1.138145
0.089468  0.156294 -1.017404
0.197850  0.156294 -0.980614
0.089468  0.156294 -1.017404
0.065785  0.064788 -0.929016
0.162832  0.064787 -0.896073
0.065785  0.064788 -0.929016
0.057116  -0.060212 -0.896663
0.150014  -0.060212 -0.865129
0.057116  -0.060212 -0.896663
0.065785  -0.185212 -0.929016
0.162832  -0.185212 -0.896073
0.065785  -0.185212 -0.929016
0.089468  -0.276719 -1.017404
0.197850  -0.276719 -0.980614
0.089468  -0.276719 -1.017404
0.121821  -0.310212 -1.138145
0.245685  -0.310212 -1.096098
0.121821  -0.310212 -1.138145
0.154173  -0.276719 -1.258886
0.293521  -0.276719 -1.211583
0.154173  -0.276719 -1.258886
0.177857  -0.185212 -1.347274
0.328539  -0.185212 -1.296124
0.177857  -0.185212 -1.347274
0.186525  -0.060212 -1.379626
0.186525  -0.060212 -1.379626
0.026159  -0.060212 -1.411525
0.021787  0.064788 -1.378318
0.177857  0.064788 -1.347274
0.021787  0.064788 -1.378318
0.009843  0.156294 -1.287595
0.154173  0.156294 -1.258886
0.009843  0.156294 -1.287595
-0.006472  0.189788 -1.163664
0.121821  0.189788 -1.138145
-0.006472  0.189788 -1.163664
-0.022788  0.156294 -1.039733
0.089468  0.156294 -1.017404
-0.022788  0.156294 -1.039733
-0.034732  0.064788 -0.949010
0.065785  0.064788 -0.929016
-0.034732  0.064788 -0.949010
-0.039104  -0.060212 -0.915803
0.057116  -0.060212 -0.896663
-0.039104  -0.060212 -0.915803
-0.034732  -0.185212 -0.949010
0.065785  -0.185212 -0.929016
-0.034732  -0.185212 -0.949010
-0.022788  -0.276719 -1.039733
0.089468  -0.276719 -1.017404
-0.022788  -0.276719 -1.039733
-0.006472  -0.310212 -1.163664
0.121821  -0.310212 -1.138145
-0.006472  -0.310212 -1.163664
0.009843  -0.276719 -1.287595
0.154173  -0.276719 -1.258886
0.009843  -0.276719 -1.287595
0.021787  -0.185212 -1.378318
0.177857  -0.185212 -1.347274
0.021787  -0.185212 -1.378318
0.026159  -0.060212 -1.411525
0.026159  -0.060212 -1.411525
-0.136998  -0.060212 -1.422219
-0.136998  0.064788 -1.388725
0.021787  0.064788 -1.378318
-0.136998  0.064788 -1.388725
-0.136998  0.156294 -1.297219
0.009843  0.156294 -1.287595
-0.136998  0.156294 -1.297219
-0.136998  0.189788 -1.172219
-0.006472  0.189788 -1.163664
-0.136998  0.189788 -1.172219
-0.136998  0.156294 -1.047219
-0.022788  0.156294 -1.039733
-0.136998  0.156294 -1.047219
-0.136998  0.064788 -0.955713
-0.034732  0.064788 -0.949010
-0.136998  0.064788 -0.955713
-0.136998  -0.060212 -0.922219
-0.039104  -0.060212 -0.915803
-0.136998  -0.060212 -0.922219
-0.136998  -0.185212 -0.955713
-0.034732  -0.185212 -0.949010
-0.136998  -0.185212 -0.955713
-0.136998  -0.276719 -1.047219
-0.022788  -0.276719 -1.039733
-0.136998  -0.276719 -1.047219
-0.136998  -0.310212 -1.172219
-0.006472  -0.310212 -1.163664
-0.136998  -0.310212 -1.172219
-0.136998  -0.276719 -1.297219
0.009843  -0.276719 -1.287595
-0.136998  -0.276719 -1.297219
-0.136998  -0.185212 -1.388725
0.021787  -0.185212 -1.378318
-0.136998  -0.185212 -1.388725
-0.136998  -0.060212 -1.422219
-0.136998  -0.060212 -1.422219
-0.300156  -0.060212 -1.411525
-0.295785  0.064788 -1.378318
-0.136998  0.064788 -1.388725
-0.295785  0.064788 -1.378318
-0.283840  0.156294 -1.287594
-0.136998  0.156294 -1.297219
-0.283840  0.156294 -1.287594
-0.267525  0.189788 -1.163664
-0.136998  0.189788 -1.172219
-0.267525  0.189788 -1.163664
-0.251209  0.156294 -1.039733
-0.136998  0.156294 -1.047219
-0.251209  0.156294 -1.039733
-0.239265  0.064788 -0.949010
-0.136998  0.064788 -0.955713
-0.239265  0.064788 -0.949010
-0.234893  -0.060212 -0.915803
-0.136998  -0.060212 -0.922219
-0.234893  -0.060212 -0.915803
-0.239265  -0.185212 -0.949010
-0.136998  -0.185212 -0.955713
-0.239265  -0.185212 -0.949010
-0.251209  -0.276719 -1.039733
-0.136998  -0.276719 -1.047219
-0.251209  -0.276719 -1.039733
-0.267525  -0.310212 -1.163664
-0.136998  -0.310212 -1.172219
-0.267525  -0.310212 -1.163664
-0.283840  -0.276719 -1.287594
-0.136998  -0.276719 -1.297219
-0.283840  -0.276719 -1.287594
-0.295785  -0.185212 -1.378318
-0.136998  -0.185212 -1.388725
-0.295785  -0.185212 -1.378318
-0.300156  -0.060212 -1.411525
-0.300156  -0.060212 -1.411525
-0.460522  -0.060212 -1.379626
-0.451853  0.064788 -1.347274
-0.295785  0.064788 -1.378318
-0.451853  0.064788 -1.347274
-0.428170  0.156294 -1.258886
-0.283840  0.156294 -1.287594
-0.428170  0.156294 -1.258886
-0.395817  0.189788 -1.138145
-0.267525  0.189788 -1.163664
-0.395817  0.189788 -1.138145
-0.363465  0.156294 -1.017404
-0.251209  0.156294 -1.039733
-0.363465  0.156294 -1.017404
-0.339781  0.064788 -0.929016
-0.239265  0.064788 -0.949010
-0.339781  0.064788 -0.929016
-0.331113  -0.060212 -0.896663
-0.234893  -0.060212 -0.915803
-0.331113  -0.060212 -0.896663
-0.339781  -0.185212 -0.929016
-0.239265  -0.185212 -0.949010
-0.339781  -0.185212 -0.929016
-0.363465  -0.276719 -1.017404
-0.251209  -0.276719 -1.039733
-0.363465  -0.276719 -1.017404
-0.395817  -0.310212 -1.138145
-0.267525  -0.310212 -1.163664
-0.395817  -0.310212 -1.138145
-0.428170  -0.276719 -1.258886
-0.283840  -0.276719 -1.287594
-0.428170  -0.276719 -1.258886
-0.451853  -0.185212 -1.347274
-0.295785  -0.185212 -1.378318
-0.451853  -0.185212 -1.347274
-0.460522  -0.060212 -1.379626
-0.460522  -0.060212 -1.379626
-0.615353  -0.060212 -1.327068
-0.602535  0.064788 -1.296124
-0.451853  0.064788 -1.347274
-0.602535  0.064788 -1.296124
-0.567517  0.156294 -1.211583
-0.428170  0.156294 -1.258886
-0.567517  0.156294 -1.211583
-0.519682  0.189788 -1.096099
-0.395817  0.189788 -1.138145
-0.519682  0.189788 -1.096099
-0.471846  0.156294 -0.980614
-0.363465  0.156294 -1.017404
-0.471846  0.156294 -0.980614
-0.436828  0.064788 -0.896073
-0.339781  0.064788 -0.929016
-0.436828  0.064788 -0.896073
-0.424011  -0.060212 -0.865129
-0.331113  -0.060212 -0.896663
-0.424011  -0.060212 -0.865129
-0.436828  -0.185212 -0.896073
-0.339781  -0.185212 -0.929016
-0.436828  -0.185212 -0.896073
-0.471846  -0.276719 -0.980614
-0.363465  -0.276719 -1.017404
-0.471846  -0.276719 -0.980614
-0.519682  -0.310212 -1.096099
-0.395817  -0.310212 -1.138145
-0.519682  -0.310212 -1.096099
-0.567517  -0.276719 -1.211583
-0.428170  -0.276719 -1.258886
-0.567517  -0.276719 -1.211583
-0.602535  -0.185212 -1.296124
-0.451853  -0.185212 -1.347274
-0.602535  -0.185212 -1.296124
-0.615353  -0.060212 -1.327068
-0.615353  -0.060212 -1.327068
-0.761998  -0.060212 -1.254751
-0.745251  0.064788 -1.225744
-0.602535  0.064788 -1.296124
-0.745251  0.064788 -1.225744
-0.699498  0.156294 -1.146498
-0.567517  0.156294 -1.211583
-0.699498  0.156294 -1.146498
-0.636998  0.189788 -1.038244
-0.519682  0.189788 -1.096099
-0.636998  0.189788 -1.038244
-0.574498  0.156294 -0.929991
-0.471846  0.156294 -0.980614
-0.574498  0.156294 -0.929991
-0.528745  0.064788 -0.850744
-0.436828  0.064788 -0.896073
-0.528745  0.064788 -0.850744
-0.511998  -0.060212 -0.821738
-0.424011  -0.060212 -0.865129
-0.511998  -0.060212 -0.821738
-0.528745  -0.185212 -0.850744
-0.436828  -0.185212 -0.896073
-0.528745  -0.185212 -0.850744
-0.574498  -0.276719 -0.929991
-0.471846  -0.276719 -0.980614
-0.574498  -0.276719 -0.929991
-0.636998  -0.310212 -1.038244
-0.519682  -0.310212 -1.096099
-0.636998  -0.310212 -1.038244
-0.699498  -0.276719 -1.146498
-0.567517  -0.276719 -1.211583
-0.699498  -0.276719 -1.146498
-0.745251  -0.185212 -1.225744
-0.602535  -0.185212 -1.296124
-0.745251  -0.185212 -1.225744
-0.761998  -0.060212 -1.254751
-0.761998  -0.060212 -1.254751
-0.897950  -0.060212 -1.163911
-0.877561  0.064788 -1.137338
-0.745251  0.064788 -1.225744
-0.877561  0.064788 -1.137338
-0.821855  0.156294 -1.064741
-0.699498  0.156294 -1.146498
-0.821855  0.156294 -1.064741
-0.745760  0.189788 -0.965572
-0.636998  0.189788 -1.038244
-0.745760  0.189788 -0.965572
-0.669665  0.156294 -0.866403
-0.574498  0.156294 -0.929991
-0.669665  0.156294 -0.866403
-0.613959  0.064788 -0.793806
-0.528745  0.064788 -0.850744
-0.613959  0.064788 -0.793806
-0.593569  -0.060212 -0.767234
-0.511998  -0.060212 -0.821738
-0.593569  -0.060212 -0.767234
-0.613959  -0.185212 -0.793806
-0.528745  -0.185212 -0.850744
-0.613959  -0.185212 -0.793806
-0.669665  -0.276719 -0.866403
-0.574498  -0.276719 -0.929991
-0.669665  -0.276719 -0.866403
-0.745760  -0.310212 -0.965572
-0.636998  -0.310212 -1.038244
-0.745760  -0.310212 -0.965572
-0.821855  -0.276719 -1.064741
-0.699498  -0.276719 -1.146498
-0.821855  -0.276719 -1.064741
-0.877561  -0.185212 -1.137338
-0.745251  -0.185212 -1.225744
-0.877561  -0.185212 -1.137338
-0.897950  -0.060212 -1.163911
-0.897950  -0.060212 -1.163911
-1.020882  -0.060212 -1.056102
-0.997198  0.064788 -1.032419
-0.877561  0.064788 -1.137338
-0.997198  0.064788 -1.032419
-0.932494  0.156294 -0.967714
-0.821855  0.156294 -1.064741
-0.932494  0.156294 -0.967714
-0.844105  0.189788 -0.879326
-0.745760  0.189788 -0.965572
-0.844105  0.189788 -0.879326
-0.755717  0.156294 -0.790937
-0.669665  0.156294 -0.866403
-0.755717  0.156294 -0.790937
-0.691012  0.064788 -0.726233
-0.613959  0.064788 -0.793806
-0.691012  0.064788 -0.726233
-0.667328  -0.060212 -0.702549
-0.593569  -0.060212 -0.767234
-0.667328  -0.060212 -0.702549
-0.691012  -0.185212 -0.726233
-0.613959  -0.185212 -0.793806
-0.691012  -0.185212 -0.726233
-0.755717  -0.276719 -0.790937
-0.669665  -0.276719 -0.866403
-0.755717  -0.276719 -0.790937
-0.844105  -0.310212 -0.879326
-0.745760  -0.310212 -0.965572
-0.844105  -0.310212 -0.879326
-0.932494  -0.276719 -0.967714
-0.821855  -0.276719 -1.064741
-0.932494  -0.276719 -0.967714
-0.997198  -0.185212 -1.032419
-0.877561  -0.185212 -1.137338
-0.997198  -0.185212 -1.032419
-1.020882  -0.060212 -1.056102
-1.020882  -0.060212 -1.056102
-1.128690  -0.060212 -0.933171
-1.102118  0.064788 -0.912781
-0.997198  0.064788 -1.032419
-1.102118  0.064788 -0.912781
-1.029521  0.156294 -0.857076
-0.932494  0.156294 -0.967714
-1.029521  0.156294 -0.857076
-0.930352  0.189788 -0.780980
-0.844105  0.189788 -0.879326
-0.930352  0.189788 -0.780980
-0.831182  0.156294 -0.704885
-0.755717  0.156294 -0.790937
-0.831182  0.156294 -0.704885
-0.758586  0.064788 -0.649180
-0.691012  0.064788 -0.726233
-0.758586  0.064788 -0.649180
-0.732013  -0.060212 -0.628790
-0.667328  -0.060212 -0.702549
-0.732013  -0.060212 -0.628790
-0.758586  -0.185212 -0.649180
-0.691012  -0.185212 -0.726233
-0.758586  -0.185212 -0.649180
-0.831182  -0.276719 -0.704885
-0.755717  -0.276719 -0.790937
-0.831182  -0.276719 -0.704885
-0.930352  -0.310212 -0.780980
-0.844105  -0.310212 -0.879326
-0.930352  -0.310212 -0.780980
-1.029521  -0.276719 -0.857076
-0.932494  -0.276719 -0.967714
-1.029521  -0.276719 -0.857076
-1.102118  -0.185212 -0.912781
-0.997198  -0.185212 -1.032419
-1.102118  -0.185212 -0.912781
-1.128690  -0.060212 -0.933171
-1.128690  -0.060212 -0.933171
-1.219530  -0.060212 -0.797219
-1.190524  0.064788 -0.780473
-1.102118  0.064788 -0.912781
-1.190524  0.064788 -0.780473
-1.111277  0.156294 -0.734719
-1.029521  0.156294 -0.857076
-1.111277  0.156294 -0.734719
-1.003024  0.189788 -0.672219
-0.930352  0.189788 -0.780980
-1.003024  0.189788 -0.672219
-0.894771  0.156294 -0.609719
-0.831182  0.156294 -0.704885
-0.894771  0.156294 -0.609719
-0.815524  0.064788 -0.563966
-0.758586  0.064788 -0.649180
-0.815524  0.064788 -0.563966
-0.786517  -0.060212 -0.547219
-0.732013  -0.060212 -0.628790
-0.786517  -0.060212 -0.547219
-0.815524  -0.185212 -0.563966
-0.758586  -0.185212 -0.649180
-0.815524  -0.185212 -0.563966
-0.894771  -0.276719 -0.609719
-0.831182  -0.276719 -0.704885
-0.894771  -0.276719 -0.609719
-1.003024  -0.310212 -0.672219
-0.930352  -0.310212 -0.780980
-1.003024  -0.310212 -0.672219
-1.111277  -0.276719 -0.734719
-1.029521  -0.276719 -0.857076
-1.111277  -0.276719 -0.734719
-1.190524  -0.185212 -0.780473
-1.102118  -0.185212 -0.912781
-1.190524  -0.185212 -0.780473
-1.219530  -0.060212 -0.797219
-1.219530  -0.060212 -0.797219
-1.291848  -0.060212 -0.650573
-1.260903  0.064787 -0.637756
-1.190524  0.064788 -0.780473
-1.260903  0.064787 -0.637756
-1.176363  0.156294 -0.602738
-1.111277  0.156294 -0.734719
-1.176363  0.156294 -0.602738
-1.060878  0.189787 -0.554902
-1.003024  0.189788 -0.672219
-1.060878  0.189787 -0.554902
-0.945393  0.156294 -0.507067
-0.894771  0.156294 -0.609719
-0.945393  0.156294 -0.507067
-0.860852  0.064787 -0.472049
-0.815524  0.064788 -0.563966
-0.860852  0.064787 -0.472049
-0.829908  -0.060212 -0.459232
-0.786517  -0.060212 -0.547219
-0.829908  -0.060212 -0.459232
-0.860852  -0.185212 -0.472049
-0.815524  -0.185212 -0.563966
-0.860852  -0.185212 -0.472049
-0.945393  -0.276719 -0.507067
-0.894771  -0.276719 -0.609719
-0.945393  -0.276719 -0.507067
-1.060878  -0.310212 -0.554902
-1.003024  -0.310212 -0.672219
-1.060878  -0.310212 -0.554902
-1.176363  -0.276719 -0.602738
-1.111277  -0.276719 -0.734719
-1.176363  -0.276719 -0.602738
-1.260903  -0.185212 -0.637756
-1.190524  -0.185212 -0.780473
-1.260903  -0.185212 -0.637756
-1.291848  -0.060212 -0.650573
-1.291848  -0.060212 -0.650573
-1.344406  -0.060212 -0.495743
-1.312053  0.064788 -0.487074
-1.260903  0.064787 -0.637756
-1.312053  0.064788 -0.487074
-1.223665  0.156294 -0.463390
-1.176363  0.156294 -0.602738
-1.223665  0.156294 -0.463390
-1.102924  0.189788 -0.431038
-1.060878  0.189787 -0.554902
-1.102924  0.189788 -0.431038
-0.982183  0.156294 -0.398686
-0.945393  0.156294 -0.507067
-0.982183  0.156294 -0.398686
-0.893795  0.064788 -0.375002
-0.860852  0.064787 -0.472049
-0.893795  0.064788 -0.375002
-0.861443  -0.060212 -0.366333
-0.829908  -0.060212 -0.459232
-0.861443  -0.060212 -0.366333
-0.893795  -0.185212 -0.375002
-0.860852  -0.185212 -0.472049
-0.893795  -0.185212 -0.375002
-0.982183  -0.276719 -0.398686
-0.945393  -0.276719 -0.507067
-0.982183  -0.276719 -0.398686
-1.102924  -0.310212 -0.431038
-1.060878  -0.310212 -0.554902
-1.102924  -0.310212 -0.431038
-1.223665  -0.276719 -0.463390
-1.176363  -0.276719 -0.602738
-1.223665  -0.276719 -0.463390
-1.312053  -0.185212 -0.487074
-1.260903  -0.185212 -0.637756
-1.312053  -0.185212 -0.487074
-1.344406  -0.060212 -0.495743
-1.344406  -0.060212 -0.495743
-1.376304  -0.060212 -0.335377
-1.343097  0.064788 -0.331005
-1.312053  0.064788 -0.487074
-1.343097  0.064788 -0.331005
-1.252374  0.156294 -0.319061
-1.223665  0.156294 -0.463390
-1.252374  0.156294 -0.319061
-1.128443  0.189788 -0.302745
-1.102924  0.189788 -0.431038
-1.128443  0.189788 -0.302745
-1.004513  0.156294 -0.286430
-0.982183  0.156294 -0.398686
-1.004513  0.156294 -0.286430
-0.913789  0.064788 -0.274486
-0.893795  0.064788 -0.375002
-0.913789  0.064788 -0.274486
-0.880582  -0.060212 -0.270114
-0.861443  -0.060212 -0.366333
-0.880582  -0.060212 -0.270114
-0.913789  -0.185212 -0.274486
-0.893795  -0.185212 -0.375002
-0.913789  -0.185212 -0.274486
-1.004513  -0.276719 -0.286430
-0.982183  -0.276719 -0.398686
-1.004513  -0.276719 -0.286430
-1.128443  -0.310212 -0.302745
-1.102924  -0.310212 -0.431038
-1.128443  -0.310212 -0.302745
-1.252374  -0.276719 -0.319061
-1.223665  -0.276719 -0.463390
-1.252374  -0.276719 -0.319061
-1.343097  -0.185212 -0.331005
-1.312053  -0.185212 -0.487074
-1.343097  -0.185212 -0.331005
-1.376304  -0.060212 -0.335377
-1.376304  -0.060212 -0.335377
-1.386998  -0.060212 -0.172219
-1.353505  0.064788 -0.172219
-1.343097  0.064788 -0.331005
-1.353505  0.064788 -0.172219
-1.261998  0.156294 -0.172219
-1.252374  0.156294 -0.319061
-1.261998  0.156294 -0.172219
-1.136998  0.189788 -0.172219
-1.128443  0.189788 -0.302745
-1.136998  0.189788 -0.172219
-1.011998  0.156294 -0.172219
-1.004513  0.156294 -0.286430
-1.011998  0.156294 -0.172219
-0.920492  0.064788 -0.172219
-0.913789  0.064788 -0.274486
-0.920492  0.064788 -0.172219
-0.886998  -0.060212 -0.172219
-0.880582  -0.060212 -0.270114
-0.886998  -0.060212 -0.172219
-0.920492  -0.185212 -0.172219
-0.913789  -0.185212 -0.274486
-0.920492  -0.185212 -0.172219
-1.011998  -0.276719 -0.172219
-1.004513  -0.276719 -0.286430
-1.011998  -0.276719 -0.172219
-1.136998  -0.310212 -0.172219
-1.128443  -0.310212 -0.302745
-1.136998  -0.310212 -0.172219
-1.261998  -0.276719 -0.172219
-1.252374  -0.276719 -0.319061
-1.261998  -0.276719 -0.172219
-1.353505  -0.185212 -0.172219
-1.343097  -0.185212 -0.331005
-1.353505  -0.185212 -0.172219
-1.386998  -0.060212 -0.172219
-1.386998  -0.060212 -0.172219
-1.376304  -0.060212 -0.009061
-1.343097  0.064788 -0.013433
-1.353505  0.064788 -0.172219
-1.343097  0.064788 -0.013433
-1.252374  0.156294 -0.025377
-1.261998  0.156294 -0.172219
-1.252374  0.156294 -0.025377
-1.128443  0.189788 -0.041693
-1.136998  0.189788 -0.172219
-1.128443  0.189788 -0.041693
-1.004513  0.156294 -0.058008
-1.011998  0.156294 -0.172219
-1.004513  0.156294 -0.058008
-0.913789  0.064788 -0.069952
-0.920492  0.064788 -0.172219
-0.913789  0.064788 -0.069952
-0.880582  -0.060212 -0.074324
-0.886998  -0.060212 -0.172219
-0.880582  -0.060212 -0.074324
-0.913789  -0.185212 -0.069952
-0.920492  -0.185212 -0.172219
-0.913789  -0.185212 -0.069952
-1.004513  -0.276719 -0.058008
-1.011998  -0.276719 -0.172219
-1.004513  -0.276719 -0.058008
-1.128443  -0.310212 -0.041693
-1.136998  -0.310212 -0.172219
-1.128443  -0.310212 -0.041693
-1.252374  -0.276719 -0.025377
-1.261998  -0.276719 -0.172219
-1.252374  -0.276719 -0.025377
-1.343097  -0.185212 -0.013433
-1.353505  -0.185212 -0.172219
-1.343097  -0.185212 -0.013433
-1.376304  -0.060212 -0.009061
-1.376304  -0.060212 -0.009061
-1.344406  -0.060212 0.151305
-1.312053  0.064788 0.142636
-1.343097  0.064788 -0.013433
-1.312053  0.064788 0.142636
-1.223665  0.156294 0.118952
-1.252374  0.156294 -0.025377
-1.223665  0.156294 0.118952
-1.102924  0.189788 0.086600
-1.128443  0.189788 -0.041693
-1.102924  0.189788 0.086600
-0.982183  0.156294 0.054248
-1.004513  0.156294 -0.058008
-0.982183  0.156294 0.054248
-0.893795  0.064788 0.030564
-0.913789  0.064788 -0.069952
-0.893795  0.064788 0.030564
-0.861443  -0.060212 0.021895
-0.880582  -0.060212 -0.074324
-0.861443  -0.060212 0.021895
-0.893795  -0.185212 0.030564
-0.913789  -0.185212 -0.069952
-0.893795  -0.185212 0.030564
-0.982183  -0.276719 0.054248
-1.004513  -0.276719 -0.058008
-0.982183  -0.276719 0.054248
-1.102924  -0.310212 0.086600
-1.128443  -0.310212 -0.041693
-1.102924  -0.310212 0.086600
-1.223665  -0.276719 0.118952
-1.252374  -0.276719 -0.025377
-1.223665  -0.276719 0.118952
-1.312053  -0.185212 0.142636
-1.343097  -0.185212 -0.013433
-1.312053  -0.185212 0.142636
-1.344406  -0.060212 0.151305
-1.344406  -0.060212 0.151305
-1.291848  -0.060212 0.306135
-1.260904  0.064788 0.293317
-1.312053  0.064788 0.142636
-1.260904  0.064788 0.293317
-1.176363  0.156294 0.258299
-1.223665  0.156294 0.118952
-1.176363  0.156294 0.258299
-1.060878  0.189788 0.210464
-1.102924  0.189788 0.086600
-1.060878  0.189788 0.210464
-0.945393  0.156294 0.162629
-0.982183  0.156294 0.054248
-0.945393  0.156294 0.162629
-0.860852  0.064788 0.127611
-0.893795  0.064788 0.030564
-0.860852  0.064788 0.127611
-0.829908  -0.060212 0.114793
-0.861443  -0.060212 0.021895
-0.829908  -0.060212 0.114793
-0.860852  -0.185212 0.127611
-0.893795  -0.185212 0.030564
-0.860852  -0.185212 0.127611
-0.945393  -0.276719 0.162629
-0.982183  -0.276719 0.054248
-0.945393  -0.276719 0.162629
-1.060878  -0.310212 0.210464
-1.102924  -0.310212 0.086600
-1.060878  -0.310212 0.210464
-1.176363  -0.276719 0.258299
-1.223665  -0.276719 0.118952
-1.176363  -0.276719 0.258299
-1.260904  -0.185212 0.293317
-1.312053  -0.185212 0.142636
-1.260904  -0.185212 0.293317
-1.291848  -0.060212 0.306135
-1.291848  -0.060212 0.306135
-1.219530  -0.060212 0.452781
-1.190524  0.064788 0.436034
-1.260904  0.064788 0.293317
-1.190524  0.064788 0.436034
-1.111277  0.156294 0.390281
-1.176363  0.156294 0.258299
-1.111277  0.156294 0.390281
-1.003024  0.189788 0.327781
-1.060878  0.189788 0.210464
-1.003024  0.189788 0.327781
-0.894771  0.156294 0.265281
-0.945393  0.156294 0.162629
-0.894771  0.156294 0.265281
-0.815524  0.064788 0.219528
-0.860852  0.064788 0.127611
-0.815524  0.064788 0.219528
-0.786518  -0.060212 0.202781
-0.829908  -0.060212 0.114793
-0.786518  -0.060212 0.202781
-0.815524  -0.185212 0.219528
-0.860852  -0.185212 0.127611
-0.815524  -0.185212 0.219528
-0.894771  -0.276719 0.265281
-0.945393  -0.276719 0.162629
-0.894771  -0.276719 0.265281
-1.003024  -0.310212 0.327781
-1.060878  -0.310212 0.210464
-1.003024  -0.310212 0.327781
-1.111277  -0.276719 0.390281
-1.176363  -0.276719 0.258299
-1.111277  -0.276719 0.390281
-1.190524  -0.185212 0.436034
-1.260904  -0.185212 0.293317
-1.190524  -0.185212 0.436034
-1.219530  -0.060212 0.452781
-1.219530  -0.060212 0.452781
-1.128690  -0.060212 0.588733
-1.102118  0.064788 0.568343
-1.190524  0.064788 0.436034
-1.102118  0.064788 0.568343
-1.029521  0.156294 0.512638
-1.111277  0.156294 0.390281
-1.029521  0.156294 0.512638
-0.930352  0.189788 0.436542
-1.003024  0.189788 0.327781
-0.930352  0.189788 0.436542
-0.831182  0.156294 0.360447
-0.894771  0.156294 0.265281
-0.831182  0.156294 0.360447
-0.758586  0.064788 0.304742
-0.815524  0.064788 0.219528
-0.758586  0.064788 0.304742
-0.732013  -0.060212 0.284352
-0.786518  -0.060212 0.202781
-0.732013  -0.060212 0.284352
-0.758586  -0.185212 0.304742
-0.815524  -0.185212 0.219528
-0.758586  -0.185212 0.304742
-0.831182  -0.276719 0.360447
-0.894771  -0.276719 0.265281
-0.831182  -0.276719 0.360447
-0.930352  -0.310212 0.436542
-1.003024  -0.310212 0.327781
-0.930352  -0.310212 0.436542
-1.029521  -0.276719 0.512638
-1.111277  -0.276719 0.390281
-1.029521  -0.276719 0.512638
-1.102118  -0.185212 0.568343
-1.190524  -0.185212 0.436034
-1.102118  -0.185212 0.568343
-1.128690  -0.060212 0.588733
-1.128690  -0.060212 0.588733
-1.020882  -0.060212 0.711664
-0.997198  0.064788 0.687981
-1.102118  0.064788 0.568343
-0.997198  0.064788 0.687981
-0.932494  0.156294 0.623276
-1.029521  0.156294 0.512638
-0.932494  0.156294 0.623276
-0.844105  0.189788 0.534888
-0.930352  0.189788 0.436542
-0.844105  0.189788 0.534888
-0.755717  0.156294 0.446499
-0.831182  0.156294 0.360447
-0.755717  0.156294 0.446499
-0.691012  0.064788 0.381794
-0.758586  0.064788 0.304742
-0.691012  0.064788 0.381794
-0.667328  -0.060212 0.358111
-0.732013  -0.060212 0.284352
-0.667328  -0.060212 0.358111
-0.691012  -0.185212 0.381794
-0.758586  -0.185212 0.304742
-0.691012  -0.185212 0.381794
-0.755717  -0.276719 0.446499
-0.831182  -0.276719 0.360447
-0.755717  -0.276719 0.446499
-0.844105  -0.310212 0.534888
-0.930352  -0.310212 0.436542
-0.844105  -0.310212 0.534888
-0.932494  -0.276719 0.623276
-1.029521  -0.276719 0.512638
-0.932494  -0.276719 0.623276
-0.997198  -0.185212 0.687981
-1.102118  -0.185212 0.568343
-0.997198  -0.185212 0.687981
-1.020882  -0.060212 0.711664
-1.020882  -0.060212 0.711664
-0.897951  -0.060212 0.819472
-0.877561  0.064788 0.792900
-0.997198  0.064788 0.687981
-0.877561  0.064788 0.792900
-0.821855  0.156294 0.720303
-0.932494  0.156294 0.623276
-0.821855  0.156294 0.720303
-0.745760  0.189788 0.621134
-0.844105  0.189788 0.534888
-0.745760  0.189788 0.621134
-0.669665  0.156294 0.521965
-0.755717  0.156294 0.446499
-0.669665  0.156294 0.521965
-0.613959  0.064788 0.449368
-0.691012  0.064788 0.381794
-0.613959  0.064788 0.449368
-0.593570  -0.060212 0.422796
-0.667328  -0.060212 0.358111
-0.593570  -0.060212 0.422796
-0.613959  -0.185212 0.449368
-0.691012  -0.185212 0.381794
-0.613959  -0.185212 0.449368
-0.669665  -0.276719 0.521965
-0.755717  -0.276719 0.446499
-0.669665  -0.276719 0.521965
-0.745760  -0.310212 0.621134
-0.844105  -0.310212 0.534888
-0.745760  -0.310212 0.621134
-0.821855  -0.276719 0.720303
-0.932494  -0.276719 0.623276
-0.821855  -0.276719 0.720303
-0.877561  -0.185212 0.792900
-0.997198  -0.185212 0.687981
-0.877561  -0.185212 0.792900
-0.897951  -0.060212 0.819472
-0.897951  -0.060212 0.819472
-0.761998  -0.060212 0.910313
-0.745251  0.064788 0.881306
-0.877561  0.064788 0.792900
-0.745251  0.064788 0.881306
-0.699498  0.156294 0.802060
-0.821855  0.156294 0.720303
-0.699498  0.156294 0.802060
-0.636998  0.189788 0.693806
-0.745760  0.189788 0.621134
-0.636998  0.189788 0.693806
-0.574498  0.156294 0.585553
-0.669665  0.156294 0.521965
-0.574498  0.156294 0.585553
-0.528745  0.064788 0.506306
-0.613959  0.064788 0.449368
-0.528745  0.064788 0.506306
-0.511998  -0.060212 0.477300
-0.593570  -0.060212 0.422796
-0.511998  -0.060212 0.477300
-0.528745  -0.185212 0.506306
-0.613959  -0.185212 0.449368
-0.528745  -0.185212 0.506306
-0.574498  -0.276719 0.585553
-0.669665  -0.276719 0.521965
-0.574498  -0.276719 0.585553
-0.636998  -0.310212 0.693806
-0.745760  -0.310212 0.621134
-0.636998  -0.310212 0.693806
-0.699498  -0.276719 0.802060
-0.821855  -0.276719 0.720303
-0.699498  -0.276719 0.802060
-0.745251  -0.185212 0.881306
-0.877561  -0.185212 0.792900
-0.745251  -0.185212 0.881306
-0.761998  -0.060212 0.910313
-0.761998  -0.060212 0.910313
-0.615353  -0.060212 0.982630
-0.602535  0.064788 0.951686
-0.745251  0.064788 0.881306
-0.602535  0.064788 0.951686
-0.567517  0.156294 0.867145
-0.699498  0.156294 0.802060
-0.567517  0.156294 0.867145
-0.519682  0.189788 0.751660
-0.636998  0.189788 0.693806
-0.519682  0.189788 0.751660
-0.471846  0.156294 0.636176
-0.574498  0.156294 0.585553
-0.471846  0.156294 0.636176
-0.436828  0.064788 0.551635
-0.528745  0.064788 0.506306
-0.436828  0.064788 0.551635
-0.424011  -0.060212 0.520691
-0.511998  -0.060212 0.477300
-0.424011  -0.060212 0.520691
-0.436828  -0.185212 0.551635
-0.528745  -0.185212 0.506306
-0.436828  -0.185212 0.551635
-0.471846  -0.276719 0.636176
-0.574498  -0.276719 0.585553
-0.471846  -0.276719 0.636176
-0.519682  -0.310212 0.751660
-0.636998  -0.310212 0.693806
-0.519682  -0.310212 0.751660
-0.567517  -0.276719 0.867145
-0.699498  -0.276719 0.802060
-0.567517  -0.276719 0.867145
-0.602535  -0.185212 0.951686
-0.745251  -0.185212 0.881306
-0.602535  -0.185212 0.951686
-0.615353  -0.060212 0.982630
-0.615353  -0.060212 0.982630
-0.460523  -0.060212 1.035188
-0.451854  0.064788 1.002836
-0.602535  0.064788 0.951686
-0.451854  0.064788 1.002836
-0.428170  0.156294 0.914447
-0.567517  0.156294 0.867145
-0.428170  0.156294 0.914447
-0.395818  0.189788 0.793707
-0.519682  0.189788 0.751660
-0.395818  0.189788 0.793707
-0.363465  0.156294 0.672966
-0.471846  0.156294 0.636176
-0.363465  0.156294 0.672966
-0.339782  0.064788 0.584578
-0.436828  0.064788 0.551635
-0.339782  0.064788 0.584578
-0.331113  -0.060212 0.552225
-0.424011  -0.060212 0.520691
-0.331113  -0.060212 0.552225
-0.339782  -0.185212 0.584578
-0.436828  -0.185212 0.551635
-0.339782  -0.185212 0.584578
-0.363465  -0.276719 0.672966
-0.471846  -0.276719 0.636176
-0.363465  -0.276719 0.672966
-0.395818  -0.310212 0.793707
-0.519682  -0.310212 0.751660
-0.395818  -0.310212 0.793707
-0.428170  -0.276719 0.914447
-0.567517  -0.276719 0.867145
-0.428170  -0.276719 0.914447
-0.451854  -0.185212 1.002836
-0.602535  -0.185212 0.951686
-0.451854  -0.185212 1.002836
-0.460523  -0.060212 1.035188
-0.460523  -0.060212 1.035188
-0.300157  -0.060212 1.067087
-0.295785  0.064788 1.033880
-0.451854  0.064788 1.002836
-0.295785  0.064788 1.033880
-0.283841  0.156294 0.943156
-0.428170  0.156294 0.914447
-0.283841  0.156294 0.943156
-0.267525  0.189788 0.819226
-0.395818  0.189788 0.793707
-0.267525  0.189788 0.819226
-0.251209  0.156294 0.695295
-0.363465  0.156294 0.672966
-0.251209  0.156294 0.695295
-0.239265  0.064788 0.604572
-0.339782  0.064788 0.584578
-0.239265  0.064788 0.604572
-0.234893  -0.060212 0.571364
-0.331113  -0.060212 0.552225
-0.234893  -0.060212 0.571364
-0.239265  -0.185212 0.604572
-0.339782  -0.185212 0.584578
-0.239265  -0.185212 0.604572
-0.251209  -0.276719 0.695295
-0.363465  -0.276719 0.672966
-0.251209  -0.276719 0.695295
-0.267525  -0.310212 0.819226
-0.395818  -0.310212 0.793707
-0.267525  -0.310212 0.819226
-0.283841  -0.276719 0.943156
-0.428170  -0.276719 0.914447
-0.283841  -0.276719 0.943156
-0.295785  -0.185212 1.033880
-0.451854  -0.185212 1.002836
-0.295785  -0.185212 1.033880
-0.300157  -0.060212 1.067087
-0.300157  -0.060212 1.067087
-0.136998  -0.060212 1.077781
-0.136998  0.064788 1.044287
-0.295785  0.064788 1.033880
-0.136998  0.064788 1.044287
-0.136998  0.156294 0.952781
-0.283841  0.156294 0.943156
-0.136998  0.156294 0.952781
-0.136998  0.189788 0.827781
-0.267525  0.189788 0.819226
-0.136998  0.189788 0.827781
-0.136998  0.156294 0.702781
-0.251209  0.156294 0.695295
-0.136998  0.156294 0.702781
-0.136998  0.064788 0.611275
-0.239265  0.064788 0.604572
-0.136998  0.064788 0.611275
-0.136998  -0.060212 0.577781
-0.234893  -0.060212 0.571364
-0.136998  -0.060212 0.577781
-0.136998  -0.185212 0.611275
-0.239265  -0.185212 0.604572
-0.136998  -0.185212 0.611275
-0.136998  -0.276719 0.702781
-0.251209  -0.276719 0.695295
-0.136998  -0.276719 0.702781
-0.136998  -0.310212 0.827781
-0.267525  -0.310212 0.819226
-0.136998  -0.310212 0.827781
-0.136998  -0.276719 0.952781
-0.283841  -0.276719 0.943156
-0.136998  -0.276719 0.952781
-0.136998  -0.185212 1.044287
-0.295785  -0.185212 1.033880
-0.136998  -0.185212 1.044287
-0.136998  -0.060212 1.077781
-0.136998  -0.060212 1.077781
0.026159  -0.060212 1.067087
0.021787  0.064788 1.033880
-0.136998  0.064788 1.044287
0.021787  0.064788 1.033880
0.009843  0.156294 0.943156
-0.136998  0.156294 0.952781
0.009843  0.156294 0.943156
-0.006472  0.189788 0.819226
-0.136998  0.189788 0.827781
-0.006472  0.189788 0.819226
-0.022788  0.156294 0.695295
-0.136998  0.156294 0.702781
-0.022788  0.156294 0.695295
-0.034732  0.064788 0.604572
-0.136998  0.064788 0.611275
-0.034732  0.064788 0.604572
-0.039104  -0.060212 0.571365
-0.136998  -0.060212 0.577781
-0.039104  -0.060212 0.571365
-0.034732  -0.185212 0.604572
-0.136998  -0.185212 0.611275
-0.034732  -0.185212 0.604572
-0.022788  -0.276719 0.695295
-0.136998  -0.276719 0.702781
-0.022788  -0.276719 0.695295
-0.006472  -0.310212 0.819226
-0.136998  -0.310212 0.827781
-0.006472  -0.310212 0.819226
0.009843  -0.276719 0.943156
-0.136998  -0.276719 0.952781
0.009843  -0.276719 0.943156
0.021787  -0.185212 1.033880
-0.136998  -0.185212 1.044287
0.021787  -0.185212 1.033880
0.026159  -0.060212 1.067087
0.026159  -0.060212 1.067087
0.186525  -0.060212 1.035188
0.177856  0.064788 1.002836
0.021787  0.064788 1.033880
0.177856  0.064788 1.002836
0.154173  0.156294 0.914448
0.009843  0.156294 0.943156
0.154173  0.156294 0.914448
0.121820  0.189788 0.793707
-0.006472  0.189788 0.819226
0.121820  0.189788 0.793707
0.089468  0.156294 0.672966
-0.022788  0.156294 0.695295
0.089468  0.156294 0.672966
0.065784  0.064788 0.584578
-0.034732  0.064788 0.604572
0.065784  0.064788 0.584578
0.057116  -0.060212 0.552225
-0.039104  -0.060212 0.571365
0.057116  -0.060212 0.552225
0.065784  -0.185212 0.584578
-0.034732  -0.185212 0.604572
0.065784  -0.185212 0.584578
0.089468  -0.276719 0.672966
-0.022788  -0.276719 0.695295
0.089468  -0.276719 0.672966
0.121820  -0.310212 0.793707
-0.006472  -0.310212 0.819226
0.121820  -0.310212 0.793707
0.154173  -0.276719 0.914448
0.009843  -0.276719 0.943156
0.154173  -0.276719 0.914448
0.177856  -0.185212 1.002836
0.021787  -0.185212 1.033880
0.177856  -0.185212 1.002836
0.186525  -0.060212 1.035188
0.186525  -0.060212 1.035188
0.341356  -0.060212 0.982630
0.328539  0.064787 0.951686
0.177856  0.064788 1.002836
0.328539  0.064787 0.951686
0.293521  0.156294 0.867145
0.154173  0.156294 0.914448
0.293521  0.156294 0.867145
0.245685  0.189787 0.751660
0.121820  0.189788 0.793707
0.245685  0.189787 0.751660
0.197850  0.156294 0.636175
0.089468  0.156294 0.672966
0.197850  0.156294 0.636175
0.162832  0.064787 0.551635
0.065784  0.064788 0.584578
0.162832  0.064787 0.551635
0.150014  -0.060212 0.520691
0.057116  -0.060212 0.552225
0.150014  -0.060212 0.520691
0.162832  -0.185212 0.551635
0.065784  -0.185212 0.584578
0.162832  -0.185212 0.551635
0.197850  -0.276719 0.636175
0.089468  -0.276719 0.672966
0.197850  -0.276719 0.636175
0.245685  -0.310212 0.751660
0.121820  -0.310212 0.793707
0.245685  -0.310212 0.751660
0.293521  -0.276719 0.867145
0.154173  -0.276719 0.914448
0.293521  -0.276719 0.867145
0.328539  -0.185212 0.951686
0.177856  -0.185212 1.002836
0.328539  -0.185212 0.951686
0.341356  -0.060212 0.982630
0.341356  -0.060212 0.982630
0.488002  -0.060212 0.910313
0.471255  0.064788 0.881306
0.328539  0.064787 0.951686
0.471255  0.064788 0.881306
0.425502  0.156294 0.802060
0.293521  0.156294 0.867145
0.425502  0.156294 0.802060
0.363002  0.189788 0.693806
0.245685  0.189787 0.751660
0.363002  0.189788 0.693806
0.300502  0.156294 0.585553
0.197850  0.156294 0.636175
0.300502  0.156294 0.585553
0.254748  0.064788 0.506306
0.162832  0.064787 0.551635
0.254748  0.064788 0.506306
0.238002  -0.060212 0.477300
0.150014  -0.060212 0.520691
0.238002  -0.060212 0.477300
0.254748  -0.185212 0.506306
0.162832  -0.185212 0.551635
0.254748  -0.185212 0.506306
0.300502  -0.276719 0.585553
0.197850  -0.276719 0.636175
0.300502  -0.276719 0.585553
0.363002  -0.310212 0.693806
0.245685  -0.310212 0.751660
0.363002  -0.310212 0.693806
0.425502  -0.276719 0.802060
0.293521  -0.276719 0.867145
0.425502  -0.276719 0.802060
0.471255  -0.185212 0.881306
0.328539  -0.185212 0.951686
0.471255  -0.185212 0.881306
0.488002  -0.060212 0.910313
0.488002  -0.060212 0.910313
0.623953  -0.060212 0.819473
0.603564  0.064788 0.792901
0.471255  0.064788 0.881306
0.603564  0.064788 0.792901
0.547858  0.156294 0.720304
0.425502  0.156294 0.802060
0.547858  0.156294 0.720304
0.471763  0.189788 0.621135
0.363002  0.189788 0.693806
0.471763  0.189788 0.621135
0.395668  0.156294 0.521965
0.300502  0.156294 0.585553
0.395668  0.156294 0.521965
0.339962  0.064788 0.449368
0.254748  0.064788 0.506306
0.339962  0.064788 0.449368
0.319573  -0.060212 0.422796
0.238002  -0.060212 0.477300
0.319573  -0.060212 0.422796
0.339962  -0.185212 0.449368
0.254748  -0.185212 0.506306
0.339962  -0.185212 0.449368
0.395668  -0.276719 0.521965
0.300502  -0.276719 0.585553
0.395668  -0.276719 0.521965
0.471763  -0.310212 0.621135
0.363002  -0.310212 0.693806
0.471763  -0.310212 0.621135
0.547858  -0.276719 0.720304
0.425502  -0.276719 0.802060
0.547858  -0.276719 0.720304
0.603564  -0.185212 0.792901
0.471255  -0.185212 0.881306
0.603564  -0.185212 0.792901
0.623953  -0.060212 0.819473
0.623953  -0.060212 0.819473
0.746885  -0.060212 0.711665
0.723201  0.064788 0.687981
0.603564  0.064788 0.792901
0.723201  0.064788 0.687981
0.658496  0.156294 0.623277
0.547858  0.156294 0.720304
0.658496  0.156294 0.623277
0.570108  0.189788 0.534888
0.471763  0.189788 0.621135
0.570108  0.189788 0.534888
0.481720  0.156294 0.446500
0.395668  0.156294 0.521965
0.481720  0.156294 0.446500
0.417015  0.064788 0.381795
0.339962  0.064788 0.449368
0.417015  0.064788 0.381795
0.393331  -0.060212 0.358111
0.319573  -0.060212 0.422796
0.393331  -0.060212 0.358111
0.417015  -0.185212 0.381795
0.339962  -0.185212 0.449368
0.417015  -0.185212 0.381795
0.481720  -0.276719 0.446500
0.395668  -0.276719 0.521965
0.481720  -0.276719 0.446500
0.570108  -0.310212 0.534888
0.471763  -0.310212 0.621135
0.570108  -0.310212 0.534888
0.658496  -0.276719 0.623277
0.547858  -0.276719 0.720304
0.658496  -0.276719 0.623277
0.723201  -0.185212 0.687981
0.603564  -0.185212 0.792901
0.723201  -0.185212 0.687981
0.746885  -0.060212 0.711665
0.746885  -0.060212 0.711665
0.854694  -0.060212 0.588733
0.828121  0.064788 0.568343
0.723201  0.064788 0.687981
0.828121  0.064788 0.568343
0.755524  0.156294 0.512637
0.658496  0.156294 0.623277
0.755524  0.156294 0.512637
0.656355  0.189788 0.436542
0.570108  0.189788 0.534888
0.656355  0.189788 0.436542
0.557186  0.156294 0.360447
0.481720  0.156294 0.446500
0.557186  0.156294 0.360447
0.484589  0.064788 0.304742
0.417015  0.064788 0.381795
0.484589  0.064788 0.304742
0.458017  -0.060212 0.284352
0.393331  -0.060212 0.358111
0.458017  -0.060212 0.284352
0.484589  -0.185212 0.304742
0.417015  -0.185212 0.381795
0.484589  -0.185212 0.304742
0.557186  -0.276719 0.360447
0.481720  -0.276719 0.446500
0.557186  -0.276719 0.360447
0.656355  -0.310212 0.436542
0.570108  -0.310212 0.534888
0.656355  -0.310212 0.436542
0.755524  -0.276719 0.512637
0.658496  -0.276719 0.623277
0.755524  -0.276719 0.512637
0.828121  -0.185212 0.568343
0.723201  -0.185212 0.687981
0.828121  -0.185212 0.568343
0.854694  -0.060212 0.588733
0.854694  -0.060212 0.588733
0.945533  -0.060212 0.452781
0.916527  0.064788 0.436034
0.828121  0.064788 0.568343
0.916527  0.064788 0.436034
0.837280  0.156294 0.390281
0.755524  0.156294 0.512637
0.837280  0.156294 0.390281
0.729027  0.189788 0.327781
0.656355  0.189788 0.436542
0.729027  0.189788 0.327781
0.620774  0.156294 0.265281
0.557186  0.156294 0.360447
0.620774  0.156294 0.265281
0.541527  0.064788 0.219528
0.484589  0.064788 0.304742
0.541527  0.064788 0.219528
0.512521  -0.060212 0.202781
0.458017  -0.060212 0.284352
0.512521  -0.060212 0.202781
0.541527  -0.185212 0.219528
0.484589  -0.185212 0.304742
0.541527  -0.185212 0.219528
0.620774  -0.276719 0.265281
0.557186  -0.276719 0.360447
0.620774  -0.276719 0.265281
0.729027  -0.310212 0.327781
0.656355  -0.310212 0.436542
0.729027  -0.310212 0.327781
0.837280  -0.276719 0.390281
0.755524  -0.276719 0.512637
0.837280  -0.276719 0.390281
0.916527  -0.185212 0.436034
0.828121  -0.185212 0.568343
0.916527  -0.185212 0.436034
0.945533  -0.060212 0.452781
0.945533  -0.060212 0.452781
1.017851  -0.060212 0.306136
0.986907  0.064788 0.293318
0.916527  0.064788 0.436034
0.986907  0.064788 0.293318
0.902366  0.156294 0.258300
0.837280  0.156294 0.390281
0.902366  0.156294 0.258300
0.786881  0.189788 0.210465
0.729027  0.189788 0.327781
0.786881  0.189788 0.210465
0.671396  0.156294 0.162629
0.620774  0.156294 0.265281
0.671396  0.156294 0.162629
0.586855  0.064788 0.127611
0.541527  0.064788 0.219528
0.586855  0.064788 0.127611
0.555911  -0.060212 0.114794
0.512521  -0.060212 0.202781
0.555911  -0.060212 0.114794
0.586855  -0.185212 0.127611
0.541527  -0.185212 0.219528
0.586855  -0.185212 0.127611
0.671396  -0.276719 0.162629
0.620774  -0.276719 0.265281
0.671396  -0.276719 0.162629
0.786881  -0.310212 0.210465
0.729027  -0.310212 0.327781
0.786881  -0.310212 0.210465
0.902366  -0.276719 0.258300
0.837280  -0.276719 0.390281
0.902366  -0.276719 0.258300
0.986907  -0.185212 0.293318
0.916527  -0.185212 0.436034
0.986907  -0.185212 0.293318
1.017851  -0.060212 0.306136
1.017851  -0.060212 0.306136
1.070409  -0.060212 0.151304
1.038057  0.064788 0.142636
0.986907  0.064788 0.293318
1.038057  0.064788 0.142636
0.949668  0.156294 0.118952
0.902366  0.156294 0.258300
0.949668  0.156294 0.118952
0.828928  0.189788 0.086600
0.786881  0.189788 0.210465
0.828928  0.189788 0.086600
0.708187  0.156294 0.054247
0.671396  0.156294 0.162629
0.708187  0.156294 0.054247
0.619798  0.064788 0.030564
0.586855  0.064788 0.127611
0.619798  0.064788 0.030564
0.587446  -0.060212 0.021895
0.555911  -0.060212 0.114794
0.587446  -0.060212 0.021895
0.619798  -0.185212 0.030564
0.586855  -0.185212 0.127611
0.619798  -0.185212 0.030564
0.708187  -0.276719 0.054247
0.671396  -0.276719 0.162629
0.708187  -0.276719 0.054247
0.828928  -0.310212 0.086600
0.786881  -0.310212 0.210465
0.828928  -0.310212 0.086600
0.949668  -0.276719 0.118952
0.902366  -0.276719 0.258300
0.949668  -0.276719 0.118952
1.038057  -0.185212 0.142636
0.986907  -0.185212 0.293318
1.038057  -0.185212 0.142636
1.070409  -0.060212 0.151304
1.070409  -0.060212 0.151304
1.102308  -0.060212 -0.009061
1.069101  0.064788 -0.013433
1.038057  0.064788 0.142636
1.069101  0.064788 -0.013433
0.978377  0.156294 -0.025377
0.949668  0.156294 0.118952
0.978377  0.156294 -0.025377
0.854447  0.189788 -0.041693
0.828928  0.189788 0.086600
0.854447  0.189788 -0.041693
0.730516  0.156294 -0.058009
0.708187  0.156294 0.054247
0.730516  0.156294 -0.058009
0.639792  0.064788 -0.069953
0.619798  0.064788 0.030564
0.639792  0.064788 -0.069953
0.606585  -0.060212 -0.074324
0.587446  -0.060212 0.021895
0.606585  -0.060212 -0.074324
0.639792  -0.185212 -0.069953
0.619798  -0.185212 0.030564
0.639792  -0.185212 -0.069953
0.730516  -0.276719 -0.058009
0.708187  -0.276719 0.054247
0.730516  -0.276719 -0.058009
0.854447  -0.310212 -0.041693
0.828928  -0.310212 0.086600
0.854447  -0.310212 -0.041693
0.978377  -0.276719 -0.025377
0.949668  -0.276719 0.118952
0.978377  -0.276719 -0.025377
1.069101  -0.185212 -0.013433
1.038057  -0.185212 0.142636
1.069101  -0.185212 -0.013433
1.102308  -0.060212 -0.009061
1.102308  -0.060212 -0.009061
1.113002  -0.060212 -0.172219
1.079508  0.064788 -0.172219
1.069101  0.064788 -0.013433
1.079508  0.064788 -0.172219
0.988002  0.156294 -0.172219
0.978377  0.156294 -0.025377
0.988002  0.156294 -0.172219
0.863002  0.189788 -0.172219
0.854447  0.189788 -0.041693
0.863002  0.189788 -0.172219
0.738002  0.156294 -0.172219
0.730516  0.156294 -0.058009
0.738002  0.156294 -0.172219
0.646495  0.064788 -0.172219
0.639792  0.064788 -0.069953
0.646495  0.064788 -0.172219
0.613002  -0.060212 -0.172219
0.606585  -0.060212 -0.074324
0.613002  -0.060212 -0.172219
0.646495  -0.185212 -0.172219
0.639792  -0.185212 -0.069953
0.646495  -0.185212 -0.172219
0.738002  -0.276719 -0.172219
0.730516  -0.276719 -0.058009
0.738002  -0.276719 -0.172219
0.863002  -0.310212 -0.172219
0.854447  -0.310212 -0.041693
0.863002  -0.310212 -0.172219
0.988002  -0.276719 -0.172219
0.978377  -0.276719 -0.025377
0.988002  -0.276719 -0.172219
1.079508  -0.185212 -0.172219
1.069101  -0.185212 -0.013433
1.079508  -0.185212 -0.172219
1.113002  -0.060212 -0.172219
