1116
0.792414 0.183988 0.000000
0.792414 0.232288 0.000000
0.688621 0.232288 0.000000
0.792414 0.232288 0.000000
0.792414 0.277785 0.000000
0.688621 0.277785 0.000000
0.792414 0.277785 0.000000
0.792414 0.318731 0.000000
0.688621 0.318731 0.000000
0.792414 0.318731 0.000000
0.792414 0.353553 0.000000
0.688621 0.353553 0.000000
1.000000 0.000000 0.000000
1.000000 0.034822 0.000000
0.896207 0.034822 0.000000
1.000000 0.034822 0.000000
1.000000 0.075768 0.000000
0.896207 0.075768 0.000000
1.000000 0.075768 0.000000
1.000000 0.121266 0.000000
0.896207 0.121266 0.000000
0.896207 0.121266 0.000000
1.000000 0.121266 0.000000
1.000000 0.169565 0.000000
1.000000 0.169565 0.000000
1.000000 0.218810 0.000000
0.896207 0.218810 0.000000
1.000000 0.218810 0.000000
1.000000 0.267110 0.000000
0.896207 0.267110 0.000000
1.000000 0.267110 0.000000
1.000000 0.312607 0.000000
0.896207 0.312607 0.000000
1.000000 0.312607 0.000000
1.000000 0.353553 0.000000
0.896207 0.353553 0.000000
0.792414 0.353553 0.000000
0.792414 0.388375 0.000000
0.688621 0.388375 0.000000
0.792414 0.388375 0.000000
0.792414 0.429322 0.000000
0.688621 0.429322 0.000000
0.792414 0.429322 0.000000
0.792414 0.474819 0.000000
0.688621 0.474819 0.000000
0.792414 0.474819 0.000000
0.792414 0.523118 0.000000
0.688621 0.523118 0.000000
0.792414 0.523118 0.000000
0.792414 0.572364 0.000000
0.688621 0.572364 0.000000
0.792414 0.572364 0.000000
0.792414 0.620663 0.000000
0.688621 0.620663 0.000000
0.688621 0.620663 0.000000
0.792414 0.620663 0.000000
0.792414 0.666161 0.000000
0.792414 0.666161 0.000000
0.792414 0.707107 0.000000
0.688621 0.707107 0.000000
0.896207 0.000000 0.000000
0.896207 0.040946 0.000000
0.792414 0.040946 0.000000
0.896207 0.040946 0.000000
0.896207 0.086443 0.000000
0.792414 0.086443 0.000000
0.896207 0.086443 0.000000
0.896207 0.134743 0.000000
0.792414 0.134743 0.000000
0.896207 0.134743 0.000000
0.896207 0.183989 0.000000
0.792414 0.183988 0.000000
0.896207 0.183989 0.000000
0.896207 0.232288 0.000000
0.792414 0.232288 0.000000
0.896207 0.232288 0.000000
0.896207 0.277785 0.000000
0.792414 0.277785 0.000000
0.896207 0.277785 0.000000
0.896207 0.318731 0.000000
0.792414 0.318731 0.000000
0.896207 0.318731 0.000000
0.896207 0.353553 0.000000
0.792414 0.353553 0.000000
0.792414 0.000000 0.000000
0.792414 0.040946 0.000000
0.688621 0.040946 0.000000
0.792414 0.040946 0.000000
0.792414 0.086443 0.000000
0.688621 0.086444 0.000000
0.792414 0.134743 0.000000
0.792414 0.183988 0.000000
0.688621 0.183988 0.000000
0.792414 0.086443 0.000000
0.792414 0.134743 0.000000
0.688621 0.134743 0.000000
0.688621 0.183988 0.000000
0.792414 0.183988 0.000000
0.688621 0.232288 0.000000
0.688621 0.232288 0.000000
0.792414 0.232288 0.000000
0.688621 0.277785 0.000000
0.688621 0.277785 0.000000
0.792414 0.277785 0.000000
0.688621 0.318731 0.000000
0.688621 0.318731 0.000000
0.792414 0.318731 0.000000
0.688621 0.353553 0.000000
0.896207 0.000000 0.000000
1.000000 0.000000 0.000000
0.896207 0.034822 0.000000
0.896207 0.034822 0.000000
1.000000 0.034822 0.000000
0.896207 0.075768 0.000000
0.896207 0.075768 0.000000
1.000000 0.075768 0.000000
0.896207 0.121266 0.000000
0.896207 0.169565 0.000000
0.896207 0.121266 0.000000
1.000000 0.169565 0.000000
0.896207 0.169565 0.000000
1.000000 0.169565 0.000000
0.896207 0.218810 0.000000
0.896207 0.218810 0.000000
1.000000 0.218810 0.000000
0.896207 0.267110 0.000000
0.896207 0.267110 0.000000
1.000000 0.267110 0.000000
0.896207 0.312607 0.000000
0.896207 0.312607 0.000000
1.000000 0.312607 0.000000
0.896207 0.353553 0.000000
0.688621 0.353553 0.000000
0.792414 0.353553 0.000000
0.688621 0.388375 0.000000
0.688621 0.388375 0.000000
0.792414 0.388375 0.000000
0.688621 0.429322 0.000000
0.688621 0.429322 0.000000
0.792414 0.429322 0.000000
0.688621 0.474819 0.000000
0.688621 0.474819 0.000000
0.792414 0.474819 0.000000
0.688621 0.523118 0.000000
0.688621 0.523118 0.000000
0.792414 0.523118 0.000000
0.688621 0.572364 0.000000
0.688621 0.572364 0.000000
0.792414 0.572364 0.000000
0.688621 0.620663 0.000000
0.688621 0.666161 0.000000
0.688621 0.620663 0.000000
0.792414 0.666161 0.000000
0.688621 0.666161 0.000000
0.792414 0.666161 0.000000
0.688621 0.707107 0.000000
0.792414 0.000000 0.000000
0.896207 0.000000 0.000000
0.792414 0.040946 0.000000
0.792414 0.040946 0.000000
0.896207 0.040946 0.000000
0.792414 0.086443 0.000000
0.792414 0.086443 0.000000
0.896207 0.086443 0.000000
0.792414 0.134743 0.000000
0.792414 0.134743 0.000000
0.896207 0.134743 0.000000
0.792414 0.183988 0.000000
0.792414 0.183988 0.000000
0.896207 0.183989 0.000000
0.792414 0.232288 0.000000
0.792414 0.232288 0.000000
0.896207 0.232288 0.000000
0.792414 0.277785 0.000000
0.792414 0.277785 0.000000
0.896207 0.277785 0.000000
0.792414 0.318731 0.000000
0.792414 0.318731 0.000000
0.896207 0.318731 0.000000
0.792414 0.353553 0.000000
0.688621 0.000000 0.000000
0.792414 0.000000 0.000000
0.688621 0.040946 0.000000
0.688621 0.040946 0.000000
0.792414 0.040946 0.000000
0.688621 0.086444 0.000000
0.688621 0.134743 0.000000
0.792414 0.134743 0.000000
0.688621 0.183988 0.000000
0.688621 0.086444 0.000000
0.792414 0.086443 0.000000
0.688621 0.134743 0.000000
0.013232 0.822922 0.000000
0.310400 0.500000 0.000000
0.688621 0.725378 0.000000
0.444743 0.490392 0.000000
0.013232 0.322922 0.000000
0.675389 0.177077 0.000000
0.675390 0.677078 0.000000
0.688621 0.725378 0.000000
0.310400 0.500000 0.000000
0.688621 0.774623 0.000000
0.675389 0.822922 0.000000
0.649435 0.868419 0.000000
0.649435 0.868419 0.000000
0.611754 0.909366 0.000000
0.444742 0.990393 0.000000
0.563796 0.944188 0.000000
0.507402 0.971547 0.000000
0.444742 0.990393 0.000000
0.444742 0.990393 0.000000
0.378222 1.000000 0.000000
0.310399 1.000000 0.000000
0.310399 1.000000 0.000000
0.243879 0.990392 0.000000
0.444742 0.990393 0.000000
0.181218 0.971547 0.000000
0.124825 0.944188 0.000000
0.076867 0.909365 0.000000
0.076867 0.909365 0.000000
0.039186 0.868419 0.000000
0.013232 0.822922 0.000000
0.013232 0.822922 0.000000
0.000000 0.774623 0.000000
0.000000 0.725377 0.000000
0.000000 0.725377 0.000000
0.013232 0.677077 0.000000
0.013232 0.822922 0.000000
0.039187 0.631580 0.000000
0.076867 0.590634 0.000000
0.124826 0.555812 0.000000
0.124826 0.555812 0.000000
0.181219 0.528453 0.000000
0.039187 0.631580 0.000000
0.243880 0.509607 0.000000
0.310400 0.500000 0.000000
0.013232 0.822922 0.000000
0.378223 0.500000 0.000000
0.444743 0.509607 0.000000
0.310400 0.500000 0.000000
0.507403 0.528453 0.000000
0.563796 0.555812 0.000000
0.611754 0.590635 0.000000
0.611754 0.590635 0.000000
0.649435 0.631581 0.000000
0.507403 0.528453 0.000000
0.688621 0.725378 0.000000
0.688621 0.774623 0.000000
0.649435 0.868419 0.000000
0.611754 0.909366 0.000000
0.563796 0.944188 0.000000
0.444742 0.990393 0.000000
0.444742 0.990393 0.000000
0.243879 0.990392 0.000000
0.013232 0.822922 0.000000
0.181218 0.971547 0.000000
0.076867 0.909365 0.000000
0.243879 0.990392 0.000000
0.013232 0.822922 0.000000
0.013232 0.677077 0.000000
0.243880 0.509607 0.000000
0.039187 0.631580 0.000000
0.181219 0.528453 0.000000
0.243880 0.509607 0.000000
0.310400 0.500000 0.000000
0.444743 0.509607 0.000000
0.675390 0.677078 0.000000
0.507403 0.528453 0.000000
0.649435 0.631581 0.000000
0.675390 0.677078 0.000000
0.688621 0.725378 0.000000
0.649435 0.868419 0.000000
0.444742 0.990393 0.000000
0.243879 0.990392 0.000000
0.076867 0.909365 0.000000
0.013232 0.822922 0.000000
0.013232 0.677077 0.000000
0.039187 0.631580 0.000000
0.243880 0.509607 0.000000
0.444743 0.509607 0.000000
0.507403 0.528453 0.000000
0.675390 0.677078 0.000000
0.688621 0.725378 0.000000
0.444742 0.990393 0.000000
0.013232 0.822922 0.000000
0.243879 0.009607 0.000000
0.310398 0.000000 0.000000
0.378222 0.000000 0.000000
0.378222 0.000000 0.000000
0.444742 0.009607 0.000000
0.507402 0.028453 0.000000
0.507402 0.028453 0.000000
0.563795 0.055812 0.000000
0.611754 0.090634 0.000000
0.611754 0.090634 0.000000
0.649435 0.131580 0.000000
0.675389 0.177077 0.000000
0.675389 0.177077 0.000000
0.688621 0.225377 0.000000
0.688621 0.274622 0.000000
0.688621 0.274622 0.000000
0.675390 0.322922 0.000000
0.649435 0.368419 0.000000
0.649435 0.368419 0.000000
0.611754 0.409366 0.000000
0.563796 0.444188 0.000000
0.563796 0.444188 0.000000
0.507403 0.471547 0.000000
0.444743 0.490392 0.000000
0.444743 0.490392 0.000000
0.378223 0.500000 0.000000
0.310400 0.500000 0.000000
0.310400 0.500000 0.000000
0.243879 0.490393 0.000000
0.444743 0.490392 0.000000
0.181218 0.471547 0.000000
0.124826 0.444188 0.000000
0.013232 0.322922 0.000000
0.076867 0.409366 0.000000
0.039187 0.368420 0.000000
0.013232 0.322922 0.000000
0.013232 0.322922 0.000000
0.000000 0.274623 0.000000
0.000000 0.225377 0.000000
0.000000 0.225377 0.000000
0.013232 0.177078 0.000000
0.013232 0.322922 0.000000
0.039186 0.131581 0.000000
0.076867 0.090634 0.000000
0.124825 0.055812 0.000000
0.124825 0.055812 0.000000
0.181218 0.028453 0.000000
0.378222 0.000000 0.000000
0.243879 0.009607 0.000000
0.378222 0.000000 0.000000
0.181218 0.028453 0.000000
0.507402 0.028453 0.000000
0.611754 0.090634 0.000000
0.675389 0.177077 0.000000
0.675389 0.177077 0.000000
0.688621 0.274622 0.000000
0.444743 0.490392 0.000000
0.649435 0.368419 0.000000
0.563796 0.444188 0.000000
0.444743 0.490392 0.000000
0.444743 0.490392 0.000000
0.243879 0.490393 0.000000
0.181218 0.471547 0.000000
0.124826 0.444188 0.000000
0.076867 0.409366 0.000000
0.013232 0.322922 0.000000
0.013232 0.322922 0.000000
0.013232 0.177078 0.000000
0.039186 0.131581 0.000000
0.039186 0.131581 0.000000
0.124825 0.055812 0.000000
0.013232 0.322922 0.000000
0.378222 0.000000 0.000000
0.507402 0.028453 0.000000
0.675389 0.177077 0.000000
0.688621 0.274622 0.000000
0.649435 0.368419 0.000000
0.444743 0.490392 0.000000
0.444743 0.490392 0.000000
0.181218 0.471547 0.000000
0.013232 0.322922 0.000000
0.013232 0.322922 0.000000
0.124825 0.055812 0.000000
0.675389 0.177077 0.000000
0.378222 0.000000 0.000000
0.675389 0.177077 0.000000
0.124825 0.055812 0.000000
