1116
0.000000  0.150000 -1.000000
0.195090  0.150000 -0.980785
0.195090  -0.150000 -0.980785
0.195090  0.150000 -0.980785
0.382683  0.150000 -0.923880
0.382683  -0.150000 -0.923880
0.382683  0.150000 -0.923880
0.555570  0.150000 -0.831470
0.555570  -0.150000 -0.831470
0.555570  0.150000 -0.831470
0.707107  0.150000 -0.707107
0.707107  -0.150000 -0.707107
0.707107  0.150000 -0.707107
0.831470  0.150000 -0.555570
0.831470  -0.150000 -0.555570
0.831470  0.150000 -0.555570
0.923880  0.150000 -0.382683
0.923880  -0.150000 -0.382683
0.923880  0.150000 -0.382683
0.980785  0.150000 -0.195090
0.980785  -0.150000 -0.195090
0.980785  -0.150000 -0.195090
0.980785  0.150000 -0.195090
1.000000  0.150000 0.000000
1.000000  0.150000 0.000000
0.980785  0.150000 0.195090
0.980785  -0.150000 0.195090
0.980785  0.150000 0.195090
0.923880  0.150000 0.382683
0.923880  -0.150000 0.382683
0.923880  0.150000 0.382683
0.831470  0.150000 0.555570
0.831470  -0.150000 0.555570
0.831470  0.150000 0.555570
0.707107  0.150000 0.707107
0.707107  -0.150000 0.707107
0.707107  0.150000 0.707107
0.555570  0.150000 0.831470
0.555570  -0.150000 0.831470
0.555570  0.150000 0.831470
0.382683  0.150000 0.923880
0.382683  -0.150000 0.923880
0.382683  0.150000 0.923880
0.195090  0.150000 0.980785
0.195090  -0.150000 0.980785
0.195090  0.150000 0.980785
0.000000  0.150000 1.000000
0.000000  -0.150000 1.000000
0.000000  0.150000 1.000000
-0.195091  0.150000 0.980785
-0.195091  -0.150000 0.980785
-0.195091  0.150000 0.980785
-0.382684  0.150000 0.923879
-0.382684  -0.150000 0.923879
-0.382684  -0.150000 0.923879
-0.382684  0.150000 0.923879
-0.555571  0.150000 0.831469
-0.555571  0.150000 0.831469
-0.707107  0.150000 0.707106
-0.707107  -0.150000 0.707106
-0.707107  0.150000 0.707106
-0.831470  0.150000 0.555570
-0.831470  -0.150000 0.555570
-0.831470  0.150000 0.555570
-0.923880  0.150000 0.382683
-0.923880  -0.150000 0.382683
-0.923880  0.150000 0.382683
-0.980785  0.150000 0.195089
-0.980785  -0.150000 0.195089
-0.980785  0.150000 0.195089
-1.000000  0.150000 -0.000001
-1.000000  -0.150000 -0.000001
-1.000000  0.150000 -0.000001
-0.980785  0.150000 -0.195091
-0.980785  -0.150000 -0.195091
-0.980785  0.150000 -0.195091
-0.923879  0.150000 -0.382684
-0.923879  -0.150000 -0.382684
-0.923879  0.150000 -0.382684
-0.831469  0.150000 -0.555571
-0.831469  -0.150000 -0.555571
-0.831469  0.150000 -0.555571
-0.707106  0.150000 -0.707108
-0.707106  -0.150000 -0.707108
-0.707106  0.150000 -0.707108
-0.555569  0.150000 -0.831470
-0.555569  -0.150000 -0.831470
-0.555569  0.150000 -0.831470
-0.382682  0.150000 -0.923880
-0.382682  -0.150000 -0.923880
-0.195089  0.150000 -0.980786
0.000000  0.150000 -1.000000
0.000000  -0.150000 -1.000000
-0.382682  0.150000 -0.923880
-0.195089  0.150000 -0.980786
-0.195089  -0.150000 -0.980786
0.000000  -0.150000 -1.000000
0.000000  0.150000 -1.000000
0.195090  -0.150000 -0.980785
0.195090  -0.150000 -0.980785
0.195090  0.150000 -0.980785
0.382683  -0.150000 -0.923880
0.382683  -0.150000 -0.923880
0.382683  0.150000 -0.923880
0.555570  -0.150000 -0.831470
0.555570  -0.150000 -0.831470
0.555570  0.150000 -0.831470
0.707107  -0.150000 -0.707107
0.707107  -0.150000 -0.707107
0.707107  0.150000 -0.707107
0.831470  -0.150000 -0.555570
0.831470  -0.150000 -0.555570
0.831470  0.150000 -0.555570
0.923880  -0.150000 -0.382683
0.923880  -0.150000 -0.382683
0.923880  0.150000 -0.382683
0.980785  -0.150000 -0.195090
1.000000  -0.150000 -0.000000
0.980785  -0.150000 -0.195090
1.000000  0.150000 0.000000
1.000000  -0.150000 -0.000000
1.000000  0.150000 0.000000
0.980785  -0.150000 0.195090
0.980785  -0.150000 0.195090
0.980785  0.150000 0.195090
0.923880  -0.150000 0.382683
0.923880  -0.150000 0.382683
0.923880  0.150000 0.382683
0.831470  -0.150000 0.555570
0.831470  -0.150000 0.555570
0.831470  0.150000 0.555570
0.707107  -0.150000 0.707107
0.707107  -0.150000 0.707107
0.707107  0.150000 0.707107
0.555570  -0.150000 0.831470
0.555570  -0.150000 0.831470
0.555570  0.150000 0.831470
0.382683  -0.150000 0.923880
0.382683  -0.150000 0.923880
0.382683  0.150000 0.923880
0.195090  -0.150000 0.980785
0.195090  -0.150000 0.980785
0.195090  0.150000 0.980785
0.000000  -0.150000 1.000000
0.000000  -0.150000 1.000000
0.000000  0.150000 1.000000
-0.195091  -0.150000 0.980785
-0.195091  -0.150000 0.980785
-0.195091  0.150000 0.980785
-0.382684  -0.150000 0.923879
-0.555571  -0.150000 0.831469
-0.382684  -0.150000 0.923879
-0.555571  0.150000 0.831469
-0.555571  -0.150000 0.831469
-0.555571  0.150000 0.831469
-0.707107  -0.150000 0.707106
-0.707107  -0.150000 0.707106
-0.707107  0.150000 0.707106
-0.831470  -0.150000 0.555570
-0.831470  -0.150000 0.555570
-0.831470  0.150000 0.555570
-0.923880  -0.150000 0.382683
-0.923880  -0.150000 0.382683
-0.923880  0.150000 0.382683
-0.980785  -0.150000 0.195089
-0.980785  -0.150000 0.195089
-0.980785  0.150000 0.195089
-1.000000  -0.150000 -0.000001
-1.000000  -0.150000 -0.000001
-1.000000  0.150000 -0.000001
-0.980785  -0.150000 -0.195091
-0.980785  -0.150000 -0.195091
-0.980785  0.150000 -0.195091
-0.923879  -0.150000 -0.382684
-0.923879  -0.150000 -0.382684
-0.923879  0.150000 -0.382684
-0.831469  -0.150000 -0.555571
-0.831469  -0.150000 -0.555571
-0.831469  0.150000 -0.555571
-0.707106  -0.150000 -0.707108
-0.707106  -0.150000 -0.707108
-0.707106  0.150000 -0.707108
-0.555569  -0.150000 -0.831470
-0.555569  -0.150000 -0.831470
-0.555569  0.150000 -0.831470
-0.382682  -0.150000 -0.923880
-0.195089  -0.150000 -0.980786
-0.195089  0.150000 -0.980786
0.000000  -0.150000 -1.000000
-0.382682  -0.150000 -0.923880
-0.382682  0.150000 -0.923880
-0.195089  -0.150000 -0.980786
-0.382684  0.150000 0.923879
0.980785  0.150000 0.195090
0.195090  0.150000 -0.980785
0.195090  -0.150000 0.980785
-0.980785  -0.150000 0.195089
0.980785  -0.150000 -0.195090
0.382683  0.150000 -0.923880
0.195090  0.150000 -0.980785
0.980785  0.150000 0.195090
0.000000  0.150000 -1.000000
-0.195089  0.150000 -0.980786
-0.382682  0.150000 -0.923880
-0.382682  0.150000 -0.923880
-0.555569  0.150000 -0.831470
-0.923879  0.150000 -0.382684
-0.707106  0.150000 -0.707108
-0.831469  0.150000 -0.555571
-0.923879  0.150000 -0.382684
-0.923879  0.150000 -0.382684
-0.980785  0.150000 -0.195091
-1.000000  0.150000 -0.000001
-1.000000  0.150000 -0.000001
-0.980785  0.150000 0.195089
-0.923879  0.150000 -0.382684
-0.923880  0.150000 0.382683
-0.831470  0.150000 0.555570
-0.707107  0.150000 0.707106
-0.707107  0.150000 0.707106
-0.555571  0.150000 0.831469
-0.382684  0.150000 0.923879
-0.382684  0.150000 0.923879
-0.195091  0.150000 0.980785
0.000000  0.150000 1.000000
0.000000  0.150000 1.000000
0.195090  0.150000 0.980785
-0.382684  0.150000 0.923879
0.382683  0.150000 0.923880
0.555570  0.150000 0.831470
0.707107  0.150000 0.707107
0.707107  0.150000 0.707107
0.831470  0.150000 0.555570
0.382683  0.150000 0.923880
0.923880  0.150000 0.382683
0.980785  0.150000 0.195090
-0.382684  0.150000 0.923879
1.000000  0.150000 0.000000
0.980785  0.150000 -0.195090
0.980785  0.150000 0.195090
0.923880  0.150000 -0.382683
0.831470  0.150000 -0.555570
0.707107  0.150000 -0.707107
0.707107  0.150000 -0.707107
0.555570  0.150000 -0.831470
0.923880  0.150000 -0.382683
0.195090  0.150000 -0.980785
0.000000  0.150000 -1.000000
-0.382682  0.150000 -0.923880
-0.555569  0.150000 -0.831470
-0.707106  0.150000 -0.707108
-0.923879  0.150000 -0.382684
-0.923879  0.150000 -0.382684
-0.980785  0.150000 0.195089
-0.382684  0.150000 0.923879
-0.923880  0.150000 0.382683
-0.707107  0.150000 0.707106
-0.980785  0.150000 0.195089
-0.382684  0.150000 0.923879
0.195090  0.150000 0.980785
0.923880  0.150000 0.382683
0.382683  0.150000 0.923880
0.831470  0.150000 0.555570
0.923880  0.150000 0.382683
0.980785  0.150000 0.195090
0.980785  0.150000 -0.195090
0.382683  0.150000 -0.923880
0.923880  0.150000 -0.382683
0.555570  0.150000 -0.831470
0.382683  0.150000 -0.923880
0.195090  0.150000 -0.980785
-0.382682  0.150000 -0.923880
-0.923879  0.150000 -0.382684
-0.980785  0.150000 0.195089
-0.707107  0.150000 0.707106
-0.382684  0.150000 0.923879
0.195090  0.150000 0.980785
0.382683  0.150000 0.923880
0.923880  0.150000 0.382683
0.980785  0.150000 -0.195090
0.923880  0.150000 -0.382683
0.382683  0.150000 -0.923880
0.195090  0.150000 -0.980785
-0.923879  0.150000 -0.382684
-0.382684  0.150000 0.923879
-0.195089  -0.150000 -0.980786
0.000000  -0.150000 -1.000000
0.195090  -0.150000 -0.980785
0.195090  -0.150000 -0.980785
0.382683  -0.150000 -0.923880
0.555570  -0.150000 -0.831470
0.555570  -0.150000 -0.831470
0.707107  -0.150000 -0.707107
0.831470  -0.150000 -0.555570
0.831470  -0.150000 -0.555570
0.923880  -0.150000 -0.382683
0.980785  -0.150000 -0.195090
0.980785  -0.150000 -0.195090
1.000000  -0.150000 -0.000000
0.980785  -0.150000 0.195090
0.980785  -0.150000 0.195090
0.923880  -0.150000 0.382683
0.831470  -0.150000 0.555570
0.831470  -0.150000 0.555570
0.707107  -0.150000 0.707107
0.555570  -0.150000 0.831470
0.555570  -0.150000 0.831470
0.382683  -0.150000 0.923880
0.195090  -0.150000 0.980785
0.195090  -0.150000 0.980785
0.000000  -0.150000 1.000000
-0.195091  -0.150000 0.980785
-0.195091  -0.150000 0.980785
-0.382684  -0.150000 0.923879
0.195090  -0.150000 0.980785
-0.555571  -0.150000 0.831469
-0.707107  -0.150000 0.707106
-0.980785  -0.150000 0.195089
-0.831470  -0.150000 0.555570
-0.923880  -0.150000 0.382683
-0.980785  -0.150000 0.195089
-0.980785  -0.150000 0.195089
-1.000000  -0.150000 -0.000001
-0.980785  -0.150000 -0.195091
-0.980785  -0.150000 -0.195091
-0.923879  -0.150000 -0.382684
-0.980785  -0.150000 0.195089
-0.831469  -0.150000 -0.555571
-0.707106  -0.150000 -0.707108
-0.555569  -0.150000 -0.831470
-0.555569  -0.150000 -0.831470
-0.382682  -0.150000 -0.923880
0.195090  -0.150000 -0.980785
-0.195089  -0.150000 -0.980786
0.195090  -0.150000 -0.980785
-0.382682  -0.150000 -0.923880
0.555570  -0.150000 -0.831470
0.831470  -0.150000 -0.555570
0.980785  -0.150000 -0.195090
0.980785  -0.150000 -0.195090
0.980785  -0.150000 0.195090
0.195090  -0.150000 0.980785
0.831470  -0.150000 0.555570
0.555570  -0.150000 0.831470
0.195090  -0.150000 0.980785
0.195090  -0.150000 0.980785
-0.382684  -0.150000 0.923879
-0.555571  -0.150000 0.831469
-0.707107  -0.150000 0.707106
-0.831470  -0.150000 0.555570
-0.980785  -0.150000 0.195089
-0.980785  -0.150000 0.195089
-0.923879  -0.150000 -0.382684
-0.831469  -0.150000 -0.555571
-0.831469  -0.150000 -0.555571
-0.555569  -0.150000 -0.831470
-0.980785  -0.150000 0.195089
0.195090  -0.150000 -0.980785
0.555570  -0.150000 -0.831470
0.980785  -0.150000 -0.195090
0.980785  -0.150000 0.195090
0.831470  -0.150000 0.555570
0.195090  -0.150000 0.980785
0.195090  -0.150000 0.980785
-0.555571  -0.150000 0.831469
-0.980785  -0.150000 0.195089
-0.980785  -0.150000 0.195089
-0.555569  -0.150000 -0.831470
0.980785  -0.150000 -0.195090
0.195090  -0.150000 -0.980785
0.980785  -0.150000 -0.195090
-0.555569  -0.150000 -0.831470
