4860
0.894444 0.105556 0.000000
0.894444 0.005556 0.000000
0.994444 0.005556 0.000000
0.894444 0.216667 0.000000
0.894444 0.116667 0.000000
0.994444 0.116667 0.000000
0.894444 0.327778 0.000000
0.894444 0.227778 0.000000
0.994444 0.227778 0.000000
0.783333 0.105556 0.000000
0.783333 0.005556 0.000000
0.883333 0.005556 0.000000
0.783333 0.216667 0.000000
0.783333 0.116667 0.000000
0.883333 0.116667 0.000000
0.783333 0.327778 0.000000
0.783333 0.227778 0.000000
0.883333 0.227778 0.000000
0.672222 0.105556 0.000000
0.672222 0.005556 0.000000
0.772222 0.005556 0.000000
0.672222 0.216667 0.000000
0.672222 0.116667 0.000000
0.772222 0.116667 0.000000
0.672222 0.327778 0.000000
0.672222 0.227778 0.000000
0.772222 0.227778 0.000000
0.227778 0.105556 0.000000
0.227778 0.005556 0.000000
0.327778 0.005556 0.000000
0.227778 0.216667 0.000000
0.227778 0.116667 0.000000
0.327778 0.116667 0.000000
0.227778 0.327778 0.000000
0.227778 0.227778 0.000000
0.327778 0.227778 0.000000
0.116667 0.105556 0.000000
0.116667 0.005556 0.000000
0.216667 0.005556 0.000000
0.116667 0.216667 0.000000
0.116667 0.116667 0.000000
0.216667 0.116667 0.000000
0.116667 0.327778 0.000000
0.116667 0.227778 0.000000
0.216667 0.227778 0.000000
0.105556 0.105556 0.000000
0.005556 0.105556 0.000000
0.005556 0.005556 0.000000
0.005556 0.216667 0.000000
0.005556 0.116667 0.000000
0.105556 0.116667 0.000000
0.005556 0.327778 0.000000
0.005556 0.227778 0.000000
0.105556 0.227778 0.000000
0.227778 0.772222 0.000000
0.227778 0.672222 0.000000
0.327778 0.672222 0.000000
0.227778 0.883333 0.000000
0.227778 0.783333 0.000000
0.327778 0.783333 0.000000
0.227778 0.994444 0.000000
0.227778 0.894444 0.000000
0.327778 0.894444 0.000000
0.116667 0.772222 0.000000
0.116667 0.672222 0.000000
0.216667 0.672222 0.000000
0.116667 0.883333 0.000000
0.116667 0.783333 0.000000
0.216667 0.783333 0.000000
0.116667 0.994444 0.000000
0.116667 0.894444 0.000000
0.216667 0.894444 0.000000
0.005556 0.772222 0.000000
0.005556 0.672222 0.000000
0.105555 0.672222 0.000000
0.005556 0.883333 0.000000
0.005556 0.783333 0.000000
0.105555 0.783333 0.000000
0.005556 0.994444 0.000000
0.005556 0.894444 0.000000
0.105555 0.894444 0.000000
0.327778 0.438889 0.000000
0.227778 0.438889 0.000000
0.227778 0.338889 0.000000
0.227778 0.550000 0.000000
0.227778 0.450000 0.000000
0.327778 0.450000 0.000000
0.327778 0.661111 0.000000
0.227778 0.661111 0.000000
0.227778 0.561111 0.000000
0.116667 0.438889 0.000000
0.116667 0.338889 0.000000
0.216667 0.338889 0.000000
0.116667 0.550000 0.000000
0.116667 0.450000 0.000000
0.216667 0.450000 0.000000
0.116667 0.661111 0.000000
0.116667 0.561111 0.000000
0.216667 0.561111 0.000000
0.005556 0.438889 0.000000
0.005556 0.338889 0.000000
0.105556 0.338889 0.000000
0.105556 0.550000 0.000000
0.005556 0.550000 0.000000
0.005556 0.450000 0.000000
0.005556 0.661111 0.000000
0.005556 0.561111 0.000000
0.105556 0.561111 0.000000
0.438889 0.105556 0.000000
0.338889 0.105556 0.000000
0.338889 0.005556 0.000000
0.550000 0.105556 0.000000
0.450000 0.105556 0.000000
0.450000 0.005556 0.000000
0.661111 0.105556 0.000000
0.561111 0.105556 0.000000
0.561111 0.005556 0.000000
0.438889 0.216667 0.000000
0.338889 0.216667 0.000000
0.338889 0.116667 0.000000
0.550000 0.216667 0.000000
0.450000 0.216667 0.000000
0.450000 0.116667 0.000000
0.661111 0.216667 0.000000
0.561111 0.216667 0.000000
0.561111 0.116667 0.000000
0.438889 0.327778 0.000000
0.338889 0.327778 0.000000
0.338889 0.227778 0.000000
0.550000 0.327778 0.000000
0.450000 0.327778 0.000000
0.450000 0.227778 0.000000
0.661111 0.327778 0.000000
0.561111 0.327778 0.000000
0.561111 0.227778 0.000000
0.561111 0.561111 0.000000
0.661111 0.561111 0.000000
0.661111 0.661111 0.000000
0.450000 0.561111 0.000000
0.550000 0.561111 0.000000
0.550000 0.661111 0.000000
0.338889 0.561111 0.000000
0.438889 0.561111 0.000000
0.438889 0.661111 0.000000
0.561111 0.450000 0.000000
0.661111 0.450000 0.000000
0.661111 0.550000 0.000000
0.450000 0.450000 0.000000
0.550000 0.450000 0.000000
0.550000 0.550000 0.000000
0.338889 0.450000 0.000000
0.438889 0.450000 0.000000
0.438889 0.550000 0.000000
0.561111 0.338889 0.000000
0.661111 0.338889 0.000000
0.661111 0.438889 0.000000
0.450000 0.338889 0.000000
0.550000 0.338889 0.000000
0.550000 0.438889 0.000000
0.338889 0.338889 0.000000
0.438889 0.338889 0.000000
0.438889 0.438889 0.000000
0.994444 0.005556 0.000000
0.894444 0.005556 0.000000
0.888889 0.000000 0.000000
0.894444 0.005556 0.000000
0.894444 0.105556 0.000000
0.888889 0.111111 0.000000
0.888889 0.111111 0.000000
0.894444 0.105556 0.000000
0.994444 0.105556 0.000000
0.994444 0.105556 0.000000
0.994444 0.005556 0.000000
1.000000 0.000000 0.000000
0.994444 0.116667 0.000000
0.894444 0.116667 0.000000
0.888889 0.111111 0.000000
0.894444 0.116667 0.000000
0.894444 0.216667 0.000000
0.888889 0.222222 0.000000
0.888889 0.222222 0.000000
0.894444 0.216667 0.000000
0.994444 0.216667 0.000000
0.994444 0.216667 0.000000
0.994444 0.116667 0.000000
1.000000 0.111111 0.000000
0.994444 0.227778 0.000000
0.894444 0.227778 0.000000
0.888889 0.222222 0.000000
0.894444 0.227778 0.000000
0.894444 0.327778 0.000000
0.888889 0.333333 0.000000
0.888889 0.333333 0.000000
0.894444 0.327778 0.000000
0.994444 0.327778 0.000000
0.994444 0.327778 0.000000
0.994444 0.227778 0.000000
1.000000 0.222222 0.000000
0.883333 0.005556 0.000000
0.783333 0.005556 0.000000
0.777778 0.000000 0.000000
0.783333 0.005556 0.000000
0.783333 0.105556 0.000000
0.777778 0.111111 0.000000
0.783333 0.105556 0.000000
0.883333 0.105556 0.000000
0.888889 0.111111 0.000000
0.883333 0.105556 0.000000
0.883333 0.005556 0.000000
0.888889 0.000000 0.000000
0.883333 0.116667 0.000000
0.783333 0.116667 0.000000
0.777778 0.111111 0.000000
0.783333 0.116667 0.000000
0.783333 0.216667 0.000000
0.777778 0.222222 0.000000
0.783333 0.216667 0.000000
0.883333 0.216667 0.000000
0.888889 0.222222 0.000000
0.883333 0.216667 0.000000
0.883333 0.116667 0.000000
0.888889 0.111111 0.000000
0.883333 0.227778 0.000000
0.783333 0.227778 0.000000
0.777778 0.222222 0.000000
0.783333 0.227778 0.000000
0.783333 0.327778 0.000000
0.777778 0.333333 0.000000
0.783333 0.327778 0.000000
0.883333 0.327778 0.000000
0.888889 0.333333 0.000000
0.883333 0.327778 0.000000
0.883333 0.227778 0.000000
0.888889 0.222222 0.000000
0.772222 0.005556 0.000000
0.672222 0.005556 0.000000
0.666667 0.000000 0.000000
0.672222 0.005556 0.000000
0.672222 0.105556 0.000000
0.666667 0.111111 0.000000
0.672222 0.105556 0.000000
0.772222 0.105556 0.000000
0.777778 0.111111 0.000000
0.772222 0.105556 0.000000
0.772222 0.005556 0.000000
0.777778 0.000000 0.000000
0.772222 0.116667 0.000000
0.672222 0.116667 0.000000
0.666667 0.111111 0.000000
0.672222 0.116667 0.000000
0.672222 0.216667 0.000000
0.666667 0.222222 0.000000
0.666667 0.222222 0.000000
0.672222 0.216667 0.000000
0.772222 0.216667 0.000000
0.772222 0.216667 0.000000
0.772222 0.116667 0.000000
0.777778 0.111111 0.000000
0.772222 0.227778 0.000000
0.672222 0.227778 0.000000
0.666667 0.222222 0.000000
0.672222 0.227778 0.000000
0.672222 0.327778 0.000000
0.666667 0.333333 0.000000
0.672222 0.327778 0.000000
0.772222 0.327778 0.000000
0.777778 0.333333 0.000000
0.772222 0.327778 0.000000
0.772222 0.227778 0.000000
0.777778 0.222222 0.000000
0.327778 0.005556 0.000000
0.227778 0.005556 0.000000
0.222222 0.000000 0.000000
0.227778 0.005556 0.000000
0.227778 0.105556 0.000000
0.222222 0.111111 0.000000
0.227778 0.105556 0.000000
0.327778 0.105556 0.000000
0.333333 0.111111 0.000000
0.327778 0.105556 0.000000
0.327778 0.005556 0.000000
0.333333 0.000000 0.000000
0.327778 0.116667 0.000000
0.227778 0.116667 0.000000
0.222222 0.111111 0.000000
0.227778 0.116667 0.000000
0.227778 0.216667 0.000000
0.222222 0.222222 0.000000
0.222222 0.222222 0.000000
0.227778 0.216667 0.000000
0.327778 0.216667 0.000000
0.327778 0.216667 0.000000
0.327778 0.116667 0.000000
0.333333 0.111111 0.000000
0.327778 0.227778 0.000000
0.227778 0.227778 0.000000
0.222222 0.222222 0.000000
0.227778 0.227778 0.000000
0.227778 0.327778 0.000000
0.222222 0.333333 0.000000
0.222222 0.333333 0.000000
0.227778 0.327778 0.000000
0.327778 0.327778 0.000000
0.327778 0.327778 0.000000
0.327778 0.227778 0.000000
0.333333 0.222222 0.000000
0.216667 0.005556 0.000000
0.116667 0.005556 0.000000
0.111111 0.000000 0.000000
0.116667 0.005556 0.000000
0.116667 0.105556 0.000000
0.111111 0.111111 0.000000
0.116667 0.105556 0.000000
0.216667 0.105556 0.000000
0.222222 0.111111 0.000000
0.216667 0.105556 0.000000
0.216667 0.005556 0.000000
0.222222 0.000000 0.000000
0.216667 0.116667 0.000000
0.116667 0.116667 0.000000
0.111111 0.111111 0.000000
0.116667 0.116667 0.000000
0.116667 0.216667 0.000000
0.111111 0.222222 0.000000
0.111111 0.222222 0.000000
0.116667 0.216667 0.000000
0.216667 0.216667 0.000000
0.216667 0.216667 0.000000
0.216667 0.116667 0.000000
0.222222 0.111111 0.000000
0.216667 0.227778 0.000000
0.116667 0.227778 0.000000
0.111111 0.222222 0.000000
0.116667 0.227778 0.000000
0.116667 0.327778 0.000000
0.111111 0.333333 0.000000
0.111111 0.333333 0.000000
0.116667 0.327778 0.000000
0.216667 0.327778 0.000000
0.216667 0.327778 0.000000
0.216667 0.227778 0.000000
0.222222 0.222222 0.000000
0.105556 0.005556 0.000000
0.005556 0.005556 0.000000
0.000000 0.000000 0.000000
0.005556 0.005556 0.000000
0.005556 0.105556 0.000000
0.000000 0.111111 0.000000
0.000000 0.111111 0.000000
0.005556 0.105556 0.000000
0.105556 0.105556 0.000000
0.105556 0.105556 0.000000
0.105556 0.005556 0.000000
0.111111 0.000000 0.000000
0.105556 0.116667 0.000000
0.005556 0.116667 0.000000
0.000000 0.111111 0.000000
0.005556 0.116667 0.000000
0.005556 0.216667 0.000000
0.000000 0.222222 0.000000
0.000000 0.222222 0.000000
0.005556 0.216667 0.000000
0.105556 0.216667 0.000000
0.105556 0.216667 0.000000
0.105556 0.116667 0.000000
0.111111 0.111111 0.000000
0.105556 0.227778 0.000000
0.005556 0.227778 0.000000
0.000000 0.222222 0.000000
0.000000 0.222222 0.000000
0.005556 0.227778 0.000000
0.005556 0.327778 0.000000
0.000000 0.333333 0.000000
0.005556 0.327778 0.000000
0.105556 0.327778 0.000000
0.105556 0.327778 0.000000
0.105556 0.227778 0.000000
0.111111 0.222222 0.000000
0.333333 0.666667 0.000000
0.327778 0.672222 0.000000
0.227778 0.672222 0.000000
0.227778 0.672222 0.000000
0.227778 0.772222 0.000000
0.222222 0.777778 0.000000
0.227778 0.772222 0.000000
0.327778 0.772222 0.000000
0.333333 0.777778 0.000000
0.327778 0.772222 0.000000
0.327778 0.672222 0.000000
0.333333 0.666667 0.000000
0.333333 0.777778 0.000000
0.327778 0.783333 0.000000
0.227778 0.783333 0.000000
0.227778 0.783333 0.000000
0.227778 0.883333 0.000000
0.222222 0.888889 0.000000
0.227778 0.883333 0.000000
0.327778 0.883333 0.000000
0.333333 0.888889 0.000000
0.327778 0.883333 0.000000
0.327778 0.783333 0.000000
0.333333 0.777778 0.000000
0.333333 0.888889 0.000000
0.327778 0.894444 0.000000
0.227778 0.894444 0.000000
0.227778 0.894444 0.000000
0.227778 0.994444 0.000000
0.222222 1.000000 0.000000
0.227778 0.994444 0.000000
0.327778 0.994444 0.000000
0.333333 1.000000 0.000000
0.327778 0.994444 0.000000
0.327778 0.894444 0.000000
0.333333 0.888889 0.000000
0.216667 0.672222 0.000000
0.116667 0.672222 0.000000
0.111111 0.666667 0.000000
0.116667 0.672222 0.000000
0.116667 0.772222 0.000000
0.111111 0.777778 0.000000
0.111111 0.777778 0.000000
0.116667 0.772222 0.000000
0.216667 0.772222 0.000000
0.216667 0.772222 0.000000
0.216667 0.672222 0.000000
0.222222 0.666667 0.000000
0.216667 0.783333 0.000000
0.116667 0.783333 0.000000
0.111111 0.777778 0.000000
0.116667 0.783333 0.000000
0.116667 0.883333 0.000000
0.111111 0.888889 0.000000
0.111111 0.888889 0.000000
0.116667 0.883333 0.000000
0.216667 0.883333 0.000000
0.216667 0.883333 0.000000
0.216667 0.783333 0.000000
0.222222 0.777778 0.000000
0.216667 0.894444 0.000000
0.116667 0.894444 0.000000
0.111111 0.888889 0.000000
0.116667 0.894444 0.000000
0.116667 0.994444 0.000000
0.111111 1.000000 0.000000
0.111111 1.000000 0.000000
0.116667 0.994444 0.000000
0.216667 0.994444 0.000000
0.216667 0.994444 0.000000
0.216667 0.894444 0.000000
0.222222 0.888889 0.000000
0.105555 0.672222 0.000000
0.005556 0.672222 0.000000
0.000000 0.666667 0.000000
0.005556 0.672222 0.000000
0.005556 0.772222 0.000000
0.000000 0.777778 0.000000
0.000000 0.777778 0.000000
0.005556 0.772222 0.000000
0.105555 0.772222 0.000000
0.105555 0.772222 0.000000
0.105555 0.672222 0.000000
0.111111 0.666667 0.000000
0.105555 0.783333 0.000000
0.005556 0.783333 0.000000
0.000000 0.777778 0.000000
0.005556 0.783333 0.000000
0.005556 0.883333 0.000000
0.000000 0.888889 0.000000
0.000000 0.888889 0.000000
0.005556 0.883333 0.000000
0.105555 0.883333 0.000000
0.105555 0.883333 0.000000
0.105555 0.783333 0.000000
0.111111 0.777778 0.000000
0.105555 0.894444 0.000000
0.005556 0.894444 0.000000
0.000000 0.888889 0.000000
0.005556 0.894444 0.000000
0.005556 0.994444 0.000000
0.000000 1.000000 0.000000
0.005556 0.994444 0.000000
0.105555 0.994444 0.000000
0.111111 1.000000 0.000000
0.105555 0.994444 0.000000
0.105555 0.894444 0.000000
0.111111 0.888889 0.000000
0.333333 0.333333 0.000000
0.327778 0.338889 0.000000
0.227778 0.338889 0.000000
0.227778 0.338889 0.000000
0.227778 0.438889 0.000000
0.222222 0.444445 0.000000
0.222222 0.444445 0.000000
0.227778 0.438889 0.000000
0.327778 0.438889 0.000000
0.333333 0.444444 0.000000
0.327778 0.438889 0.000000
0.327778 0.338889 0.000000
0.327778 0.450000 0.000000
0.227778 0.450000 0.000000
0.222222 0.444445 0.000000
0.227778 0.450000 0.000000
0.227778 0.550000 0.000000
0.222222 0.555556 0.000000
0.227778 0.550000 0.000000
0.327778 0.550000 0.000000
0.333333 0.555556 0.000000
0.327778 0.550000 0.000000
0.327778 0.450000 0.000000
0.333333 0.444444 0.000000
0.327778 0.561111 0.000000
0.227778 0.561111 0.000000
0.222222 0.555556 0.000000
0.222222 0.555556 0.000000
0.227778 0.561111 0.000000
0.227778 0.661111 0.000000
0.227778 0.661111 0.000000
0.327778 0.661111 0.000000
0.333333 0.666667 0.000000
0.327778 0.661111 0.000000
0.327778 0.561111 0.000000
0.333333 0.555556 0.000000
0.216667 0.338889 0.000000
0.116667 0.338889 0.000000
0.111111 0.333333 0.000000
0.116667 0.338889 0.000000
0.116667 0.438889 0.000000
0.111111 0.444445 0.000000
0.111111 0.444445 0.000000
0.116667 0.438889 0.000000
0.216667 0.438889 0.000000
0.222222 0.444445 0.000000
0.216667 0.438889 0.000000
0.216667 0.338889 0.000000
0.216667 0.450000 0.000000
0.116667 0.450000 0.000000
0.111111 0.444445 0.000000
0.111111 0.444445 0.000000
0.116667 0.450000 0.000000
0.116667 0.550000 0.000000
0.116667 0.550000 0.000000
0.216667 0.550000 0.000000
0.222222 0.555556 0.000000
0.216667 0.550000 0.000000
0.216667 0.450000 0.000000
0.222222 0.444445 0.000000
0.216667 0.561111 0.000000
0.116667 0.561111 0.000000
0.111111 0.555556 0.000000
0.116667 0.561111 0.000000
0.116667 0.661111 0.000000
0.111111 0.666667 0.000000
0.111111 0.666667 0.000000
0.116667 0.661111 0.000000
0.216667 0.661111 0.000000
0.216667 0.661111 0.000000
0.216667 0.561111 0.000000
0.222222 0.555556 0.000000
0.105556 0.338889 0.000000
0.005556 0.338889 0.000000
0.000000 0.333333 0.000000
0.005556 0.338889 0.000000
0.005556 0.438889 0.000000
0.000000 0.444445 0.000000
0.000000 0.444445 0.000000
0.005556 0.438889 0.000000
0.105556 0.438889 0.000000
0.105556 0.438889 0.000000
0.105556 0.338889 0.000000
0.111111 0.333333 0.000000
0.105556 0.450000 0.000000
0.005556 0.450000 0.000000
0.000000 0.444445 0.000000
0.005556 0.450000 0.000000
0.005556 0.550000 0.000000
0.000000 0.555556 0.000000
0.005556 0.550000 0.000000
0.105556 0.550000 0.000000
0.111111 0.555556 0.000000
0.105556 0.550000 0.000000
0.105556 0.450000 0.000000
0.111111 0.444445 0.000000
0.105556 0.561111 0.000000
0.005556 0.561111 0.000000
0.000000 0.555556 0.000000
0.005556 0.561111 0.000000
0.005556 0.661111 0.000000
0.000000 0.666667 0.000000
0.000000 0.666667 0.000000
0.005556 0.661111 0.000000
0.105556 0.661111 0.000000
0.105556 0.661111 0.000000
0.105556 0.561111 0.000000
0.111111 0.555556 0.000000
0.338889 0.005556 0.000000
0.338889 0.105556 0.000000
0.333333 0.111111 0.000000
0.338889 0.105556 0.000000
0.438889 0.105556 0.000000
0.444445 0.111111 0.000000
0.438889 0.105556 0.000000
0.438889 0.005556 0.000000
0.444445 0.000000 0.000000
0.438889 0.005556 0.000000
0.338889 0.005556 0.000000
0.333333 0.000000 0.000000
0.450000 0.005556 0.000000
0.450000 0.105556 0.000000
0.444445 0.111111 0.000000
0.450000 0.105556 0.000000
0.550000 0.105556 0.000000
0.555556 0.111111 0.000000
0.550000 0.105556 0.000000
0.550000 0.005556 0.000000
0.555556 0.000000 0.000000
0.550000 0.005556 0.000000
0.450000 0.005556 0.000000
0.444445 0.000000 0.000000
0.561111 0.005556 0.000000
0.561111 0.105556 0.000000
0.555556 0.111111 0.000000
0.561111 0.105556 0.000000
0.661111 0.105556 0.000000
0.666667 0.111111 0.000000
0.661111 0.105556 0.000000
0.661111 0.005556 0.000000
0.666667 0.000000 0.000000
0.661111 0.005556 0.000000
0.561111 0.005556 0.000000
0.555556 0.000000 0.000000
0.333333 0.111111 0.000000
0.338889 0.116667 0.000000
0.338889 0.216667 0.000000
0.338889 0.216667 0.000000
0.438889 0.216667 0.000000
0.444445 0.222222 0.000000
0.438889 0.216667 0.000000
0.438889 0.116667 0.000000
0.444445 0.111111 0.000000
0.438889 0.116667 0.000000
0.338889 0.116667 0.000000
0.333333 0.111111 0.000000
0.450000 0.116667 0.000000
0.450000 0.216667 0.000000
0.444445 0.222222 0.000000
0.450000 0.216667 0.000000
0.550000 0.216667 0.000000
0.555556 0.222222 0.000000
0.550000 0.216667 0.000000
0.550000 0.116667 0.000000
0.555556 0.111111 0.000000
0.550000 0.116667 0.000000
0.450000 0.116667 0.000000
0.444445 0.111111 0.000000
0.555556 0.111111 0.000000
0.561111 0.116667 0.000000
0.561111 0.216667 0.000000
0.561111 0.216667 0.000000
0.661111 0.216667 0.000000
0.666667 0.222222 0.000000
0.661111 0.216667 0.000000
0.661111 0.116667 0.000000
0.666667 0.111111 0.000000
0.661111 0.116667 0.000000
0.561111 0.116667 0.000000
0.555556 0.111111 0.000000
0.333333 0.222222 0.000000
0.338889 0.227778 0.000000
0.338889 0.327778 0.000000
0.338889 0.327778 0.000000
0.438889 0.327778 0.000000
0.444445 0.333333 0.000000
0.438889 0.327778 0.000000
0.438889 0.227778 0.000000
0.444445 0.222222 0.000000
0.438889 0.227778 0.000000
0.338889 0.227778 0.000000
0.333333 0.222222 0.000000
0.444445 0.222222 0.000000
0.450000 0.227778 0.000000
0.450000 0.327778 0.000000
0.450000 0.327778 0.000000
0.550000 0.327778 0.000000
0.555556 0.333333 0.000000
0.550000 0.327778 0.000000
0.550000 0.227778 0.000000
0.555556 0.222222 0.000000
0.550000 0.227778 0.000000
0.450000 0.227778 0.000000
0.444445 0.222222 0.000000
0.555556 0.222222 0.000000
0.561111 0.227778 0.000000
0.561111 0.327778 0.000000
0.561111 0.327778 0.000000
0.661111 0.327778 0.000000
0.666667 0.333333 0.000000
0.661111 0.327778 0.000000
0.661111 0.227778 0.000000
0.666667 0.222222 0.000000
0.661111 0.227778 0.000000
0.561111 0.227778 0.000000
0.555556 0.222222 0.000000
0.666667 0.666667 0.000000
0.661111 0.661111 0.000000
0.661111 0.561111 0.000000
0.661111 0.561111 0.000000
0.561111 0.561111 0.000000
0.555556 0.555555 0.000000
0.561111 0.561111 0.000000
0.561111 0.661111 0.000000
0.555556 0.666667 0.000000
0.561111 0.661111 0.000000
0.661111 0.661111 0.000000
0.666667 0.666667 0.000000
0.550000 0.661111 0.000000
0.550000 0.561111 0.000000
0.555556 0.555555 0.000000
0.550000 0.561111 0.000000
0.450000 0.561111 0.000000
0.444445 0.555556 0.000000
0.450000 0.561111 0.000000
0.450000 0.661111 0.000000
0.444445 0.666667 0.000000
0.450000 0.661111 0.000000
0.550000 0.661111 0.000000
0.555556 0.666667 0.000000
0.444445 0.666667 0.000000
0.438889 0.661111 0.000000
0.438889 0.561111 0.000000
0.438889 0.561111 0.000000
0.338889 0.561111 0.000000
0.333333 0.555556 0.000000
0.338889 0.561111 0.000000
0.338889 0.661111 0.000000
0.333333 0.666667 0.000000
0.338889 0.661111 0.000000
0.438889 0.661111 0.000000
0.444445 0.666667 0.000000
0.661111 0.550000 0.000000
0.661111 0.450000 0.000000
0.666667 0.444444 0.000000
0.661111 0.450000 0.000000
0.561111 0.450000 0.000000
0.555556 0.444444 0.000000
0.555556 0.444444 0.000000
0.561111 0.450000 0.000000
0.561111 0.550000 0.000000
0.561111 0.550000 0.000000
0.661111 0.550000 0.000000
0.666667 0.555555 0.000000
0.550000 0.550000 0.000000
0.550000 0.450000 0.000000
0.555556 0.444444 0.000000
0.550000 0.450000 0.000000
0.450000 0.450000 0.000000
0.444445 0.444444 0.000000
0.450000 0.450000 0.000000
0.450000 0.550000 0.000000
0.444445 0.555556 0.000000
0.450000 0.550000 0.000000
0.550000 0.550000 0.000000
0.555556 0.555555 0.000000
0.438889 0.550000 0.000000
0.438889 0.450000 0.000000
0.444445 0.444444 0.000000
0.438889 0.450000 0.000000
0.338889 0.450000 0.000000
0.333333 0.444444 0.000000
0.333333 0.444444 0.000000
0.338889 0.450000 0.000000
0.338889 0.550000 0.000000
0.338889 0.550000 0.000000
0.438889 0.550000 0.000000
0.444445 0.555556 0.000000
0.661111 0.438889 0.000000
0.661111 0.338889 0.000000
0.666667 0.333333 0.000000
0.661111 0.338889 0.000000
0.561111 0.338889 0.000000
0.555556 0.333333 0.000000
0.561111 0.338889 0.000000
0.561111 0.438889 0.000000
0.555556 0.444444 0.000000
0.561111 0.438889 0.000000
0.661111 0.438889 0.000000
0.666667 0.444444 0.000000
0.550000 0.438889 0.000000
0.550000 0.338889 0.000000
0.555556 0.333333 0.000000
0.550000 0.338889 0.000000
0.450000 0.338889 0.000000
0.444445 0.333333 0.000000
0.450000 0.338889 0.000000
0.450000 0.438889 0.000000
0.444445 0.444444 0.000000
0.450000 0.438889 0.000000
0.550000 0.438889 0.000000
0.555556 0.444444 0.000000
0.438889 0.438889 0.000000
0.438889 0.338889 0.000000
0.444445 0.333333 0.000000
0.438889 0.338889 0.000000
0.338889 0.338889 0.000000
0.333333 0.333333 0.000000
0.338889 0.338889 0.000000
0.338889 0.438889 0.000000
0.333333 0.444444 0.000000
0.338889 0.438889 0.000000
0.438889 0.438889 0.000000
0.444445 0.444444 0.000000
0.994444 0.105556 0.000000
0.894444 0.105556 0.000000
0.994444 0.005556 0.000000
0.994444 0.216667 0.000000
0.894444 0.216667 0.000000
0.994444 0.116667 0.000000
0.994444 0.327778 0.000000
0.894444 0.327778 0.000000
0.994444 0.227778 0.000000
0.883333 0.105556 0.000000
0.783333 0.105556 0.000000
0.883333 0.005556 0.000000
0.883333 0.216667 0.000000
0.783333 0.216667 0.000000
0.883333 0.116667 0.000000
0.883333 0.327778 0.000000
0.783333 0.327778 0.000000
0.883333 0.227778 0.000000
0.772222 0.105556 0.000000
0.672222 0.105556 0.000000
0.772222 0.005556 0.000000
0.772222 0.216667 0.000000
0.672222 0.216667 0.000000
0.772222 0.116667 0.000000
0.772222 0.327778 0.000000
0.672222 0.327778 0.000000
0.772222 0.227778 0.000000
0.327778 0.105556 0.000000
0.227778 0.105556 0.000000
0.327778 0.005556 0.000000
0.327778 0.216667 0.000000
0.227778 0.216667 0.000000
0.327778 0.116667 0.000000
0.327778 0.327778 0.000000
0.227778 0.327778 0.000000
0.327778 0.227778 0.000000
0.216667 0.105556 0.000000
0.116667 0.105556 0.000000
0.216667 0.005556 0.000000
0.216667 0.216667 0.000000
0.116667 0.216667 0.000000
0.216667 0.116667 0.000000
0.216667 0.327778 0.000000
0.116667 0.327778 0.000000
0.216667 0.227778 0.000000
0.105556 0.005556 0.000000
0.105556 0.105556 0.000000
0.005556 0.005556 0.000000
0.105556 0.216667 0.000000
0.005556 0.216667 0.000000
0.105556 0.116667 0.000000
0.105556 0.327778 0.000000
0.005556 0.327778 0.000000
0.105556 0.227778 0.000000
0.327778 0.772222 0.000000
0.227778 0.772222 0.000000
0.327778 0.672222 0.000000
0.327778 0.883333 0.000000
0.227778 0.883333 0.000000
0.327778 0.783333 0.000000
0.327778 0.994444 0.000000
0.227778 0.994444 0.000000
0.327778 0.894444 0.000000
0.216667 0.772222 0.000000
0.116667 0.772222 0.000000
0.216667 0.672222 0.000000
0.216667 0.883333 0.000000
0.116667 0.883333 0.000000
0.216667 0.783333 0.000000
0.216667 0.994444 0.000000
0.116667 0.994444 0.000000
0.216667 0.894444 0.000000
0.105555 0.772222 0.000000
0.005556 0.772222 0.000000
0.105555 0.672222 0.000000
0.105555 0.883333 0.000000
0.005556 0.883333 0.000000
0.105555 0.783333 0.000000
0.105555 0.994444 0.000000
0.005556 0.994444 0.000000
0.105555 0.894444 0.000000
0.327778 0.338889 0.000000
0.327778 0.438889 0.000000
0.227778 0.338889 0.000000
0.327778 0.550000 0.000000
0.227778 0.550000 0.000000
0.327778 0.450000 0.000000
0.327778 0.561111 0.000000
0.327778 0.661111 0.000000
0.227778 0.561111 0.000000
0.216667 0.438889 0.000000
0.116667 0.438889 0.000000
0.216667 0.338889 0.000000
0.216667 0.550000 0.000000
0.116667 0.550000 0.000000
0.216667 0.450000 0.000000
0.216667 0.661111 0.000000
0.116667 0.661111 0.000000
0.216667 0.561111 0.000000
0.105556 0.438889 0.000000
0.005556 0.438889 0.000000
0.105556 0.338889 0.000000
0.105556 0.450000 0.000000
0.105556 0.550000 0.000000
0.005556 0.450000 0.000000
0.105556 0.661111 0.000000
0.005556 0.661111 0.000000
0.105556 0.561111 0.000000
0.438889 0.005556 0.000000
0.438889 0.105556 0.000000
0.338889 0.005556 0.000000
0.550000 0.005556 0.000000
0.550000 0.105556 0.000000
0.450000 0.005556 0.000000
0.661111 0.005556 0.000000
0.661111 0.105556 0.000000
0.561111 0.005556 0.000000
0.438889 0.116667 0.000000
0.438889 0.216667 0.000000
0.338889 0.116667 0.000000
0.550000 0.116667 0.000000
0.550000 0.216667 0.000000
0.450000 0.116667 0.000000
0.661111 0.116667 0.000000
0.661111 0.216667 0.000000
0.561111 0.116667 0.000000
0.438889 0.227778 0.000000
0.438889 0.327778 0.000000
0.338889 0.227778 0.000000
0.550000 0.227778 0.000000
0.550000 0.327778 0.000000
0.450000 0.227778 0.000000
0.661111 0.227778 0.000000
0.661111 0.327778 0.000000
0.561111 0.227778 0.000000
0.561111 0.661111 0.000000
0.561111 0.561111 0.000000
0.661111 0.661111 0.000000
0.450000 0.661111 0.000000
0.450000 0.561111 0.000000
0.550000 0.661111 0.000000
0.338889 0.661111 0.000000
0.338889 0.561111 0.000000
0.438889 0.661111 0.000000
0.561111 0.550000 0.000000
0.561111 0.450000 0.000000
0.661111 0.550000 0.000000
0.450000 0.550000 0.000000
0.450000 0.450000 0.000000
0.550000 0.550000 0.000000
0.338889 0.550000 0.000000
0.338889 0.450000 0.000000
0.438889 0.550000 0.000000
0.561111 0.438889 0.000000
0.561111 0.338889 0.000000
0.661111 0.438889 0.000000
0.450000 0.438889 0.000000
0.450000 0.338889 0.000000
0.550000 0.438889 0.000000
0.338889 0.438889 0.000000
0.338889 0.338889 0.000000
0.438889 0.438889 0.000000
1.000000 0.000000 0.000000
0.994444 0.005556 0.000000
0.888889 0.000000 0.000000
0.888889 0.000000 0.000000
0.894444 0.005556 0.000000
0.888889 0.111111 0.000000
1.000000 0.111111 0.000000
0.888889 0.111111 0.000000
0.994444 0.105556 0.000000
1.000000 0.111111 0.000000
0.994444 0.105556 0.000000
1.000000 0.000000 0.000000
1.000000 0.111111 0.000000
0.994444 0.116667 0.000000
0.888889 0.111111 0.000000
0.888889 0.111111 0.000000
0.894444 0.116667 0.000000
0.888889 0.222222 0.000000
1.000000 0.222222 0.000000
0.888889 0.222222 0.000000
0.994444 0.216667 0.000000
1.000000 0.222222 0.000000
0.994444 0.216667 0.000000
1.000000 0.111111 0.000000
1.000000 0.222222 0.000000
0.994444 0.227778 0.000000
0.888889 0.222222 0.000000
0.888889 0.222222 0.000000
0.894444 0.227778 0.000000
0.888889 0.333333 0.000000
1.000000 0.333333 0.000000
0.888889 0.333333 0.000000
0.994444 0.327778 0.000000
1.000000 0.333333 0.000000
0.994444 0.327778 0.000000
1.000000 0.222222 0.000000
0.888889 0.000000 0.000000
0.883333 0.005556 0.000000
0.777778 0.000000 0.000000
0.777778 0.000000 0.000000
0.783333 0.005556 0.000000
0.777778 0.111111 0.000000
0.777778 0.111111 0.000000
0.783333 0.105556 0.000000
0.888889 0.111111 0.000000
0.888889 0.111111 0.000000
0.883333 0.105556 0.000000
0.888889 0.000000 0.000000
0.888889 0.111111 0.000000
0.883333 0.116667 0.000000
0.777778 0.111111 0.000000
0.777778 0.111111 0.000000
0.783333 0.116667 0.000000
0.777778 0.222222 0.000000
0.777778 0.222222 0.000000
0.783333 0.216667 0.000000
0.888889 0.222222 0.000000
0.888889 0.222222 0.000000
0.883333 0.216667 0.000000
0.888889 0.111111 0.000000
0.888889 0.222222 0.000000
0.883333 0.227778 0.000000
0.777778 0.222222 0.000000
0.777778 0.222222 0.000000
0.783333 0.227778 0.000000
0.777778 0.333333 0.000000
0.777778 0.333333 0.000000
0.783333 0.327778 0.000000
0.888889 0.333333 0.000000
0.888889 0.333333 0.000000
0.883333 0.327778 0.000000
0.888889 0.222222 0.000000
0.777778 0.000000 0.000000
0.772222 0.005556 0.000000
0.666667 0.000000 0.000000
0.666667 0.000000 0.000000
0.672222 0.005556 0.000000
0.666667 0.111111 0.000000
0.666667 0.111111 0.000000
0.672222 0.105556 0.000000
0.777778 0.111111 0.000000
0.777778 0.111111 0.000000
0.772222 0.105556 0.000000
0.777778 0.000000 0.000000
0.777778 0.111111 0.000000
0.772222 0.116667 0.000000
0.666667 0.111111 0.000000
0.666667 0.111111 0.000000
0.672222 0.116667 0.000000
0.666667 0.222222 0.000000
0.777778 0.222222 0.000000
0.666667 0.222222 0.000000
0.772222 0.216667 0.000000
0.777778 0.222222 0.000000
0.772222 0.216667 0.000000
0.777778 0.111111 0.000000
0.777778 0.222222 0.000000
0.772222 0.227778 0.000000
0.666667 0.222222 0.000000
0.666667 0.222222 0.000000
0.672222 0.227778 0.000000
0.666667 0.333333 0.000000
0.666667 0.333333 0.000000
0.672222 0.327778 0.000000
0.777778 0.333333 0.000000
0.777778 0.333333 0.000000
0.772222 0.327778 0.000000
0.777778 0.222222 0.000000
0.333333 0.000000 0.000000
0.327778 0.005556 0.000000
0.222222 0.000000 0.000000
0.222222 0.000000 0.000000
0.227778 0.005556 0.000000
0.222222 0.111111 0.000000
0.222222 0.111111 0.000000
0.227778 0.105556 0.000000
0.333333 0.111111 0.000000
0.333333 0.111111 0.000000
0.327778 0.105556 0.000000
0.333333 0.000000 0.000000
0.333333 0.111111 0.000000
0.327778 0.116667 0.000000
0.222222 0.111111 0.000000
0.222222 0.111111 0.000000
0.227778 0.116667 0.000000
0.222222 0.222222 0.000000
0.333333 0.222222 0.000000
0.222222 0.222222 0.000000
0.327778 0.216667 0.000000
0.333333 0.222222 0.000000
0.327778 0.216667 0.000000
0.333333 0.111111 0.000000
0.333333 0.222222 0.000000
0.327778 0.227778 0.000000
0.222222 0.222222 0.000000
0.222222 0.222222 0.000000
0.227778 0.227778 0.000000
0.222222 0.333333 0.000000
0.333333 0.333333 0.000000
0.222222 0.333333 0.000000
0.327778 0.327778 0.000000
0.333333 0.333333 0.000000
0.327778 0.327778 0.000000
0.333333 0.222222 0.000000
0.222222 0.000000 0.000000
0.216667 0.005556 0.000000
0.111111 0.000000 0.000000
0.111111 0.000000 0.000000
0.116667 0.005556 0.000000
0.111111 0.111111 0.000000
0.111111 0.111111 0.000000
0.116667 0.105556 0.000000
0.222222 0.111111 0.000000
0.222222 0.111111 0.000000
0.216667 0.105556 0.000000
0.222222 0.000000 0.000000
0.222222 0.111111 0.000000
0.216667 0.116667 0.000000
0.111111 0.111111 0.000000
0.111111 0.111111 0.000000
0.116667 0.116667 0.000000
0.111111 0.222222 0.000000
0.222222 0.222222 0.000000
0.111111 0.222222 0.000000
0.216667 0.216667 0.000000
0.222222 0.222222 0.000000
0.216667 0.216667 0.000000
0.222222 0.111111 0.000000
0.222222 0.222222 0.000000
0.216667 0.227778 0.000000
0.111111 0.222222 0.000000
0.111111 0.222222 0.000000
0.116667 0.227778 0.000000
0.111111 0.333333 0.000000
0.222222 0.333333 0.000000
0.111111 0.333333 0.000000
0.216667 0.327778 0.000000
0.222222 0.333333 0.000000
0.216667 0.327778 0.000000
0.222222 0.222222 0.000000
0.111111 0.000000 0.000000
0.105556 0.005556 0.000000
0.000000 0.000000 0.000000
0.000000 0.000000 0.000000
0.005556 0.005556 0.000000
0.000000 0.111111 0.000000
0.111111 0.111111 0.000000
0.000000 0.111111 0.000000
0.105556 0.105556 0.000000
0.111111 0.111111 0.000000
0.105556 0.105556 0.000000
0.111111 0.000000 0.000000
0.111111 0.111111 0.000000
0.105556 0.116667 0.000000
0.000000 0.111111 0.000000
0.000000 0.111111 0.000000
0.005556 0.116667 0.000000
0.000000 0.222222 0.000000
0.111111 0.222222 0.000000
0.000000 0.222222 0.000000
0.105556 0.216667 0.000000
0.111111 0.222222 0.000000
0.105556 0.216667 0.000000
0.111111 0.111111 0.000000
0.111111 0.222222 0.000000
0.105556 0.227778 0.000000
0.000000 0.222222 0.000000
0.000000 0.333333 0.000000
0.000000 0.222222 0.000000
0.005556 0.327778 0.000000
0.111111 0.333333 0.000000
0.000000 0.333333 0.000000
0.105556 0.327778 0.000000
0.111111 0.333333 0.000000
0.105556 0.327778 0.000000
0.111111 0.222222 0.000000
0.222222 0.666667 0.000000
0.333333 0.666667 0.000000
0.227778 0.672222 0.000000
0.222222 0.666667 0.000000
0.227778 0.672222 0.000000
0.222222 0.777778 0.000000
0.222222 0.777778 0.000000
0.227778 0.772222 0.000000
0.333333 0.777778 0.000000
0.333333 0.777778 0.000000
0.327778 0.772222 0.000000
0.333333 0.666667 0.000000
0.222222 0.777778 0.000000
0.333333 0.777778 0.000000
0.227778 0.783333 0.000000
0.222222 0.777778 0.000000
0.227778 0.783333 0.000000
0.222222 0.888889 0.000000
0.222222 0.888889 0.000000
0.227778 0.883333 0.000000
0.333333 0.888889 0.000000
0.333333 0.888889 0.000000
0.327778 0.883333 0.000000
0.333333 0.777778 0.000000
0.222222 0.888889 0.000000
0.333333 0.888889 0.000000
0.227778 0.894444 0.000000
0.222222 0.888889 0.000000
0.227778 0.894444 0.000000
0.222222 1.000000 0.000000
0.222222 1.000000 0.000000
0.227778 0.994444 0.000000
0.333333 1.000000 0.000000
0.333333 1.000000 0.000000
0.327778 0.994444 0.000000
0.333333 0.888889 0.000000
0.222222 0.666667 0.000000
0.216667 0.672222 0.000000
0.111111 0.666667 0.000000
0.111111 0.666667 0.000000
0.116667 0.672222 0.000000
0.111111 0.777778 0.000000
0.222222 0.777778 0.000000
0.111111 0.777778 0.000000
0.216667 0.772222 0.000000
0.222222 0.777778 0.000000
0.216667 0.772222 0.000000
0.222222 0.666667 0.000000
0.222222 0.777778 0.000000
0.216667 0.783333 0.000000
0.111111 0.777778 0.000000
0.111111 0.777778 0.000000
0.116667 0.783333 0.000000
0.111111 0.888889 0.000000
0.222222 0.888889 0.000000
0.111111 0.888889 0.000000
0.216667 0.883333 0.000000
0.222222 0.888889 0.000000
0.216667 0.883333 0.000000
0.222222 0.777778 0.000000
0.222222 0.888889 0.000000
0.216667 0.894444 0.000000
0.111111 0.888889 0.000000
0.111111 0.888889 0.000000
0.116667 0.894444 0.000000
0.111111 1.000000 0.000000
0.222222 1.000000 0.000000
0.111111 1.000000 0.000000
0.216667 0.994444 0.000000
0.222222 1.000000 0.000000
0.216667 0.994444 0.000000
0.222222 0.888889 0.000000
0.111111 0.666667 0.000000
0.105555 0.672222 0.000000
0.000000 0.666667 0.000000
0.000000 0.666667 0.000000
0.005556 0.672222 0.000000
0.000000 0.777778 0.000000
0.111111 0.777778 0.000000
0.000000 0.777778 0.000000
0.105555 0.772222 0.000000
0.111111 0.777778 0.000000
0.105555 0.772222 0.000000
0.111111 0.666667 0.000000
0.111111 0.777778 0.000000
0.105555 0.783333 0.000000
0.000000 0.777778 0.000000
0.000000 0.777778 0.000000
0.005556 0.783333 0.000000
0.000000 0.888889 0.000000
0.111111 0.888889 0.000000
0.000000 0.888889 0.000000
0.105555 0.883333 0.000000
0.111111 0.888889 0.000000
0.105555 0.883333 0.000000
0.111111 0.777778 0.000000
0.111111 0.888889 0.000000
0.105555 0.894444 0.000000
0.000000 0.888889 0.000000
0.000000 0.888889 0.000000
0.005556 0.894444 0.000000
0.000000 1.000000 0.000000
0.000000 1.000000 0.000000
0.005556 0.994444 0.000000
0.111111 1.000000 0.000000
0.111111 1.000000 0.000000
0.105555 0.994444 0.000000
0.111111 0.888889 0.000000
0.222222 0.333333 0.000000
0.333333 0.333333 0.000000
0.227778 0.338889 0.000000
0.222222 0.333333 0.000000
0.227778 0.338889 0.000000
0.222222 0.444445 0.000000
0.333333 0.444444 0.000000
0.222222 0.444445 0.000000
0.327778 0.438889 0.000000
0.333333 0.333333 0.000000
0.333333 0.444444 0.000000
0.327778 0.338889 0.000000
0.333333 0.444444 0.000000
0.327778 0.450000 0.000000
0.222222 0.444445 0.000000
0.222222 0.444445 0.000000
0.227778 0.450000 0.000000
0.222222 0.555556 0.000000
0.222222 0.555556 0.000000
0.227778 0.550000 0.000000
0.333333 0.555556 0.000000
0.333333 0.555556 0.000000
0.327778 0.550000 0.000000
0.333333 0.444444 0.000000
0.333333 0.555556 0.000000
0.327778 0.561111 0.000000
0.222222 0.555556 0.000000
0.222222 0.666667 0.000000
0.222222 0.555556 0.000000
0.227778 0.661111 0.000000
0.222222 0.666667 0.000000
0.227778 0.661111 0.000000
0.333333 0.666667 0.000000
0.333333 0.666667 0.000000
0.327778 0.661111 0.000000
0.333333 0.555556 0.000000
0.222222 0.333333 0.000000
0.216667 0.338889 0.000000
0.111111 0.333333 0.000000
0.111111 0.333333 0.000000
0.116667 0.338889 0.000000
0.111111 0.444445 0.000000
0.222222 0.444445 0.000000
0.111111 0.444445 0.000000
0.216667 0.438889 0.000000
0.222222 0.333333 0.000000
0.222222 0.444445 0.000000
0.216667 0.338889 0.000000
0.222222 0.444445 0.000000
0.216667 0.450000 0.000000
0.111111 0.444445 0.000000
0.111111 0.555556 0.000000
0.111111 0.444445 0.000000
0.116667 0.550000 0.000000
0.111111 0.555556 0.000000
0.116667 0.550000 0.000000
0.222222 0.555556 0.000000
0.222222 0.555556 0.000000
0.216667 0.550000 0.000000
0.222222 0.444445 0.000000
0.222222 0.555556 0.000000
0.216667 0.561111 0.000000
0.111111 0.555556 0.000000
0.111111 0.555556 0.000000
0.116667 0.561111 0.000000
0.111111 0.666667 0.000000
0.222222 0.666667 0.000000
0.111111 0.666667 0.000000
0.216667 0.661111 0.000000
0.222222 0.666667 0.000000
0.216667 0.661111 0.000000
0.222222 0.555556 0.000000
0.111111 0.333333 0.000000
0.105556 0.338889 0.000000
0.000000 0.333333 0.000000
0.000000 0.333333 0.000000
0.005556 0.338889 0.000000
0.000000 0.444445 0.000000
0.111111 0.444445 0.000000
0.000000 0.444445 0.000000
0.105556 0.438889 0.000000
0.111111 0.444445 0.000000
0.105556 0.438889 0.000000
0.111111 0.333333 0.000000
0.111111 0.444445 0.000000
0.105556 0.450000 0.000000
0.000000 0.444445 0.000000
0.000000 0.444445 0.000000
0.005556 0.450000 0.000000
0.000000 0.555556 0.000000
0.000000 0.555556 0.000000
0.005556 0.550000 0.000000
0.111111 0.555556 0.000000
0.111111 0.555556 0.000000
0.105556 0.550000 0.000000
0.111111 0.444445 0.000000
0.111111 0.555556 0.000000
0.105556 0.561111 0.000000
0.000000 0.555556 0.000000
0.000000 0.555556 0.000000
0.005556 0.561111 0.000000
0.000000 0.666667 0.000000
0.111111 0.666667 0.000000
0.000000 0.666667 0.000000
0.105556 0.661111 0.000000
0.111111 0.666667 0.000000
0.105556 0.661111 0.000000
0.111111 0.555556 0.000000
0.333333 0.000000 0.000000
0.338889 0.005556 0.000000
0.333333 0.111111 0.000000
0.333333 0.111111 0.000000
0.338889 0.105556 0.000000
0.444445 0.111111 0.000000
0.444445 0.111111 0.000000
0.438889 0.105556 0.000000
0.444445 0.000000 0.000000
0.444445 0.000000 0.000000
0.438889 0.005556 0.000000
0.333333 0.000000 0.000000
0.444445 0.000000 0.000000
0.450000 0.005556 0.000000
0.444445 0.111111 0.000000
0.444445 0.111111 0.000000
0.450000 0.105556 0.000000
0.555556 0.111111 0.000000
0.555556 0.111111 0.000000
0.550000 0.105556 0.000000
0.555556 0.000000 0.000000
0.555556 0.000000 0.000000
0.550000 0.005556 0.000000
0.444445 0.000000 0.000000
0.555556 0.000000 0.000000
0.561111 0.005556 0.000000
0.555556 0.111111 0.000000
0.555556 0.111111 0.000000
0.561111 0.105556 0.000000
0.666667 0.111111 0.000000
0.666667 0.111111 0.000000
0.661111 0.105556 0.000000
0.666667 0.000000 0.000000
0.666667 0.000000 0.000000
0.661111 0.005556 0.000000
0.555556 0.000000 0.000000
0.333333 0.222222 0.000000
0.333333 0.111111 0.000000
0.338889 0.216667 0.000000
0.333333 0.222222 0.000000
0.338889 0.216667 0.000000
0.444445 0.222222 0.000000
0.444445 0.222222 0.000000
0.438889 0.216667 0.000000
0.444445 0.111111 0.000000
0.444445 0.111111 0.000000
0.438889 0.116667 0.000000
0.333333 0.111111 0.000000
0.444445 0.111111 0.000000
0.450000 0.116667 0.000000
0.444445 0.222222 0.000000
0.444445 0.222222 0.000000
0.450000 0.216667 0.000000
0.555556 0.222222 0.000000
0.555556 0.222222 0.000000
0.550000 0.216667 0.000000
0.555556 0.111111 0.000000
0.555556 0.111111 0.000000
0.550000 0.116667 0.000000
0.444445 0.111111 0.000000
0.555556 0.222222 0.000000
0.555556 0.111111 0.000000
0.561111 0.216667 0.000000
0.555556 0.222222 0.000000
0.561111 0.216667 0.000000
0.666667 0.222222 0.000000
0.666667 0.222222 0.000000
0.661111 0.216667 0.000000
0.666667 0.111111 0.000000
0.666667 0.111111 0.000000
0.661111 0.116667 0.000000
0.555556 0.111111 0.000000
0.333333 0.333333 0.000000
0.333333 0.222222 0.000000
0.338889 0.327778 0.000000
0.333333 0.333333 0.000000
0.338889 0.327778 0.000000
0.444445 0.333333 0.000000
0.444445 0.333333 0.000000
0.438889 0.327778 0.000000
0.444445 0.222222 0.000000
0.444445 0.222222 0.000000
0.438889 0.227778 0.000000
0.333333 0.222222 0.000000
0.444445 0.333333 0.000000
0.444445 0.222222 0.000000
0.450000 0.327778 0.000000
0.444445 0.333333 0.000000
0.450000 0.327778 0.000000
0.555556 0.333333 0.000000
0.555556 0.333333 0.000000
0.550000 0.327778 0.000000
0.555556 0.222222 0.000000
0.555556 0.222222 0.000000
0.550000 0.227778 0.000000
0.444445 0.222222 0.000000
0.555556 0.333333 0.000000
0.555556 0.222222 0.000000
0.561111 0.327778 0.000000
0.555556 0.333333 0.000000
0.561111 0.327778 0.000000
0.666667 0.333333 0.000000
0.666667 0.333333 0.000000
0.661111 0.327778 0.000000
0.666667 0.222222 0.000000
0.666667 0.222222 0.000000
0.661111 0.227778 0.000000
0.555556 0.222222 0.000000
0.666667 0.555555 0.000000
0.666667 0.666667 0.000000
0.661111 0.561111 0.000000
0.666667 0.555555 0.000000
0.661111 0.561111 0.000000
0.555556 0.555555 0.000000
0.555556 0.555555 0.000000
0.561111 0.561111 0.000000
0.555556 0.666667 0.000000
0.555556 0.666667 0.000000
0.561111 0.661111 0.000000
0.666667 0.666667 0.000000
0.555556 0.666667 0.000000
0.550000 0.661111 0.000000
0.555556 0.555555 0.000000
0.555556 0.555555 0.000000
0.550000 0.561111 0.000000
0.444445 0.555556 0.000000
0.444445 0.555556 0.000000
0.450000 0.561111 0.000000
0.444445 0.666667 0.000000
0.444445 0.666667 0.000000
0.450000 0.661111 0.000000
0.555556 0.666667 0.000000
0.444445 0.555556 0.000000
0.444445 0.666667 0.000000
0.438889 0.561111 0.000000
0.444445 0.555556 0.000000
0.438889 0.561111 0.000000
0.333333 0.555556 0.000000
0.333333 0.555556 0.000000
0.338889 0.561111 0.000000
0.333333 0.666667 0.000000
0.333333 0.666667 0.000000
0.338889 0.661111 0.000000
0.444445 0.666667 0.000000
0.666667 0.555555 0.000000
0.661111 0.550000 0.000000
0.666667 0.444444 0.000000
0.666667 0.444444 0.000000
0.661111 0.450000 0.000000
0.555556 0.444444 0.000000
0.555556 0.555555 0.000000
0.555556 0.444444 0.000000
0.561111 0.550000 0.000000
0.555556 0.555555 0.000000
0.561111 0.550000 0.000000
0.666667 0.555555 0.000000
0.555556 0.555555 0.000000
0.550000 0.550000 0.000000
0.555556 0.444444 0.000000
0.555556 0.444444 0.000000
0.550000 0.450000 0.000000
0.444445 0.444444 0.000000
0.444445 0.444444 0.000000
0.450000 0.450000 0.000000
0.444445 0.555556 0.000000
0.444445 0.555556 0.000000
0.450000 0.550000 0.000000
0.555556 0.555555 0.000000
0.444445 0.555556 0.000000
0.438889 0.550000 0.000000
0.444445 0.444444 0.000000
0.444445 0.444444 0.000000
0.438889 0.450000 0.000000
0.333333 0.444444 0.000000
0.333333 0.555556 0.000000
0.333333 0.444444 0.000000
0.338889 0.550000 0.000000
0.333333 0.555556 0.000000
0.338889 0.550000 0.000000
0.444445 0.555556 0.000000
0.666667 0.444444 0.000000
0.661111 0.438889 0.000000
0.666667 0.333333 0.000000
0.666667 0.333333 0.000000
0.661111 0.338889 0.000000
0.555556 0.333333 0.000000
0.555556 0.333333 0.000000
0.561111 0.338889 0.000000
0.555556 0.444444 0.000000
0.555556 0.444444 0.000000
0.561111 0.438889 0.000000
0.666667 0.444444 0.000000
0.555556 0.444444 0.000000
0.550000 0.438889 0.000000
0.555556 0.333333 0.000000
0.555556 0.333333 0.000000
0.550000 0.338889 0.000000
0.444445 0.333333 0.000000
0.444445 0.333333 0.000000
0.450000 0.338889 0.000000
0.444445 0.444444 0.000000
0.444445 0.444444 0.000000
0.450000 0.438889 0.000000
0.555556 0.444444 0.000000
0.444445 0.444444 0.000000
0.438889 0.438889 0.000000
0.444445 0.333333 0.000000
0.444445 0.333333 0.000000
0.438889 0.338889 0.000000
0.333333 0.333333 0.000000
0.333333 0.333333 0.000000
0.338889 0.338889 0.000000
0.333333 0.444444 0.000000
0.333333 0.444444 0.000000
0.338889 0.438889 0.000000
0.444445 0.444444 0.000000
