945 540

-0.725713 -0.725718 1.999998 0.894444 0.105556 0.0 -0.0 1.0 
-1.913244 -0.725718 1.999998 0.894444 0.005556 0.0 -0.0 1.0 
-1.913244 -1.913249 1.999997 0.994444 0.005556 0.0 -0.0 1.0 
0.593765 -0.725718 1.999998 0.894444 0.216667 0.0 -0.0 1.0 
-0.593765 -0.725718 1.999998 0.894444 0.116667 0.0 -0.0 1.0 
-0.593765 -1.913249 1.999997 0.994444 0.116667 0.0 -0.0 1.0 
1.913246 -0.725718 1.999998 0.894444 0.327778 0.0 -0.0 1.0 
0.725713 -0.725718 1.999998 0.894444 0.227778 0.0 -0.0 1.0 
0.725713 -1.913249 1.999997 0.994444 0.227778 0.0 -0.0 1.0 
-0.725713 0.593761 1.999998 0.783333 0.105556 0.0 -0.0 1.0 
-1.913244 0.593761 1.999998 0.783333 0.005556 0.0 -0.0 1.0 
-1.913244 -0.59377 1.999998 0.883333 0.005556 0.0 -0.0 1.0 
0.593765 0.593761 1.999998 0.783333 0.216667 0.0 -0.0 1.0 
-0.593765 0.593761 1.999998 0.783333 0.116667 0.0 -0.0 1.0 
-0.593765 -0.59377 1.999998 0.883333 0.116667 0.0 -0.0 1.0 
1.913246 0.593761 1.999998 0.783333 0.327778 0.0 -0.0 1.0 
0.725713 0.593761 1.999998 0.783333 0.227778 0.0 -0.0 1.0 
0.725713 -0.59377 1.999998 0.883333 0.227778 0.0 -0.0 1.0 
-0.725713 1.91324 1.999998 0.672222 0.105556 0.0 -0.0 1.0 
-1.913244 1.91324 1.999998 0.672222 0.005556 0.0 -0.0 1.0 
-1.913244 0.725709 1.999998 0.772222 0.005556 0.0 -0.0 1.0 
0.593765 1.91324 1.999998 0.672222 0.216667 0.0 -0.0 1.0 
-0.593765 1.91324 1.999998 0.672222 0.116667 0.0 -0.0 1.0 
-0.593765 0.725709 1.999998 0.772222 0.116667 0.0 -0.0 1.0 
1.913246 1.91324 1.999998 0.672222 0.327778 0.0 -0.0 1.0 
0.725713 1.91324 1.999998 0.672222 0.227778 0.0 -0.0 1.0 
0.725713 0.725709 1.999998 0.772222 0.227778 0.0 -0.0 1.0 
2.000001 -0.725718 0.725711 0.227778 0.105556 1.0 0.0 0.0 
2.000001 -0.725718 1.913242 0.227778 0.005556 1.0 0.0 0.0 
2.000001 -1.913249 1.913242 0.327778 0.005556 1.0 0.0 0.0 
2.000001 -0.725718 -0.593767 0.227778 0.216667 1.0 0.0 0.0 
2.000001 -0.725718 0.593764 0.227778 0.116667 1.0 0.0 0.0 
2.000001 -1.913249 0.593763 0.327778 0.116667 1.0 0.0 0.0 
2.000001 -0.725718 -1.913246 0.227778 0.327778 1.0 0.0 0.0 
2.000001 -0.725718 -0.725715 0.227778 0.227778 1.0 0.0 0.0 
2.000001 -1.913249 -0.725715 0.327778 0.227778 1.0 0.0 0.0 
2.000001 0.593761 0.725712 0.116667 0.105556 1.0 0.0 0.0 
2.000001 0.593761 1.913242 0.116667 0.005556 1.0 0.0 0.0 
2.000001 -0.59377 1.913242 0.216667 0.005556 1.0 0.0 0.0 
2.000001 0.593761 -0.593767 0.116667 0.216667 1.0 0.0 0.0 
2.000001 0.593761 0.593764 0.116667 0.116667 1.0 0.0 0.0 
2.000001 -0.59377 0.593764 0.216667 0.116667 1.0 0.0 0.0 
2.000001 0.593761 -1.913246 0.116667 0.327778 1.0 0.0 0.0 
2.000001 0.593761 -0.725715 0.116667 0.227778 1.0 0.0 0.0 
2.000001 -0.59377 -0.725715 0.216667 0.227778 1.0 0.0 0.0 
2.000001 0.725709 0.725712 0.105556 0.105556 1.0 0.0 0.0 
2.000001 1.91324 0.725712 0.005556 0.105556 1.0 0.0 0.0 
2.000001 1.91324 1.913242 0.005556 0.005556 1.0 0.0 0.0 
2.000001 1.91324 -0.593767 0.005556 0.216667 1.0 0.0 0.0 
2.000001 1.91324 0.593764 0.005556 0.116667 1.0 0.0 0.0 
2.000001 0.725709 0.593764 0.105556 0.116667 1.0 0.0 0.0 
2.000001 1.913241 -1.913246 0.005556 0.327778 1.0 0.0 0.0 
2.000001 1.91324 -0.725715 0.005556 0.227778 1.0 0.0 0.0 
2.000001 0.725709 -0.725715 0.105556 0.227778 1.0 0.0 0.0 
0.725713 -0.725718 -2.000002 0.227778 0.772222 0.0 0.0 -1.0 
1.913246 -0.725718 -2.000002 0.227778 0.672222 0.0 0.0 -1.0 
1.913246 -1.913249 -2.000002 0.327778 0.672222 0.0 0.0 -1.0 
-0.593765 -0.725718 -2.000002 0.227778 0.883333 0.0 0.0 -1.0 
0.593765 -0.725718 -2.000002 0.227778 0.783333 0.0 0.0 -1.0 
0.593765 -1.913249 -2.000002 0.327778 0.783333 0.0 0.0 -1.0 
-1.913244 -0.725718 -2.000002 0.227778 0.994444 0.0 0.0 -1.0 
-0.725713 -0.725718 -2.000002 0.227778 0.894444 0.0 0.0 -1.0 
-0.725713 -1.913249 -2.000002 0.327778 0.894444 0.0 0.0 -1.0 
0.725713 0.593761 -2.000002 0.116667 0.772222 0.0 0.0 -1.0 
1.913246 0.593761 -2.000002 0.116667 0.672222 0.0 0.0 -1.0 
1.913246 -0.593769 -2.000002 0.216667 0.672222 0.0 0.0 -1.0 
-0.593765 0.593761 -2.000002 0.116667 0.883333 0.0 0.0 -1.0 
0.593765 0.593761 -2.000002 0.116667 0.783333 0.0 0.0 -1.0 
0.593765 -0.593769 -2.000002 0.216667 0.783333 0.0 0.0 -1.0 
-1.913244 0.593761 -2.000002 0.116667 0.994444 0.0 0.0 -1.0 
-0.725713 0.593761 -2.000002 0.116667 0.894444 0.0 0.0 -1.0 
-0.725713 -0.593769 -2.000002 0.216667 0.894444 0.0 0.0 -1.0 
0.725713 1.913241 -2.000002 0.005556 0.772222 0.0 0.0 -1.0 
1.913246 1.913241 -2.000002 0.005556 0.672222 0.0 0.0 -1.0 
1.913246 0.725709 -2.000002 0.105555 0.672222 0.0 0.0 -1.0 
-0.593765 1.913241 -2.000002 0.005556 0.883333 0.0 0.0 -1.0 
0.593765 1.913241 -2.000002 0.005556 0.783333 0.0 0.0 -1.0 
0.593765 0.725709 -2.000002 0.105555 0.783333 0.0 0.0 -1.0 
-1.913244 1.913241 -2.000002 0.005556 0.994444 0.0 0.0 -1.0 
-0.725713 1.913241 -2.000002 0.005556 0.894444 0.0 0.0 -1.0 
-0.725713 0.725709 -2.000002 0.105555 0.894444 0.0 0.0 -1.0 
-2.0 -1.913249 -0.725715 0.327778 0.438889 -1.0 0.0 0.0 
-2.0 -0.725718 -0.725715 0.227778 0.438889 -1.0 0.0 0.0 
-2.0 -0.725718 -1.913246 0.227778 0.338889 -1.0 0.0 0.0 
-2.0 -0.725718 0.593764 0.227778 0.55 -1.0 0.0 0.0 
-2.0 -0.725718 -0.593767 0.227778 0.45 -1.0 0.0 0.0 
-2.0 -1.913249 -0.593767 0.327778 0.45 -1.0 0.0 0.0 
-2.0 -1.913249 1.913242 0.327778 0.661111 -1.0 0.0 0.0 
-2.0 -0.725718 1.913242 0.227778 0.661111 -1.0 0.0 0.0 
-2.0 -0.725718 0.725711 0.227778 0.561111 -1.0 0.0 0.0 
-2.0 0.593761 -0.725715 0.116667 0.438889 -1.0 0.0 0.0 
-2.0 0.593761 -1.913246 0.116667 0.338889 -1.0 0.0 0.0 
-2.0 -0.59377 -1.913246 0.216667 0.338889 -1.0 0.0 0.0 
-2.0 0.593761 0.593764 0.116667 0.55 -1.0 0.0 0.0 
-2.0 0.593761 -0.593767 0.116667 0.45 -1.0 0.0 0.0 
-2.0 -0.59377 -0.593767 0.216667 0.45 -1.0 0.0 0.0 
-2.0 0.593761 1.913242 0.116667 0.661111 -1.0 0.0 0.0 
-2.0 0.593761 0.725712 0.116667 0.561111 -1.0 0.0 0.0 
-2.0 -0.59377 0.725712 0.216667 0.561111 -1.0 0.0 0.0 
-2.0 1.91324 -0.725715 0.005556 0.438889 -1.0 0.0 0.0 
-2.0 1.913241 -1.913246 0.005556 0.338889 -1.0 0.0 0.0 
-2.0 0.725709 -1.913246 0.105556 0.338889 -1.0 0.0 0.0 
-2.0 0.725709 0.593764 0.105556 0.55 -1.0 0.0 0.0 
-2.0 1.91324 0.593764 0.005556 0.55 -1.0 0.0 0.0 
-2.0 1.91324 -0.593767 0.005556 0.45 -1.0 0.0 0.0 
-2.0 1.91324 1.913242 0.005556 0.661111 -1.0 0.0 0.0 
-2.0 1.91324 0.725712 0.005556 0.561111 -1.0 0.0 0.0 
-2.0 0.725709 0.725712 0.105556 0.561111 -1.0 0.0 0.0 
-0.725713 1.999995 0.725712 0.438889 0.105556 0.0 1.0 0.0 
-1.913244 1.999995 0.725712 0.338889 0.105556 0.0 1.0 0.0 
-1.913244 1.999995 1.913242 0.338889 0.005556 0.0 1.0 0.0 
0.593765 1.999995 0.725712 0.55 0.105556 0.0 1.0 0.0 
-0.593765 1.999995 0.725712 0.45 0.105556 0.0 1.0 0.0 
-0.593765 1.999995 1.913242 0.45 0.005556 0.0 1.0 0.0 
1.913246 1.999995 0.725712 0.661111 0.105556 0.0 1.0 0.0 
0.725713 1.999995 0.725712 0.561111 0.105556 0.0 1.0 0.0 
0.725713 1.999995 1.913242 0.561111 0.005556 0.0 1.0 0.0 
-0.725713 1.999995 -0.593767 0.438889 0.216667 0.0 1.0 0.0 
-1.913244 1.999995 -0.593767 0.338889 0.216667 0.0 1.0 0.0 
-1.913244 1.999995 0.593764 0.338889 0.116667 0.0 1.0 0.0 
0.593765 1.999995 -0.593767 0.55 0.216667 0.0 1.0 0.0 
-0.593765 1.999995 -0.593767 0.45 0.216667 0.0 1.0 0.0 
-0.593765 1.999995 0.593764 0.45 0.116667 0.0 1.0 0.0 
1.913246 1.999995 -0.593767 0.661111 0.216667 0.0 1.0 0.0 
0.725713 1.999995 -0.593767 0.561111 0.216667 0.0 1.0 0.0 
0.725713 1.999995 0.593764 0.561111 0.116667 0.0 1.0 0.0 
-0.725713 1.999995 -1.913246 0.438889 0.327778 0.0 1.0 0.0 
-1.913244 1.999995 -1.913246 0.338889 0.327778 0.0 1.0 0.0 
-1.913244 1.999995 -0.725715 0.338889 0.227778 0.0 1.0 0.0 
0.593765 1.999995 -1.913246 0.55 0.327778 0.0 1.0 0.0 
-0.593765 1.999995 -1.913246 0.45 0.327778 0.0 1.0 0.0 
-0.593765 1.999995 -0.725715 0.45 0.227778 0.0 1.0 0.0 
1.913246 1.999995 -1.913246 0.661111 0.327778 0.0 1.0 0.0 
0.725713 1.999995 -1.913246 0.561111 0.327778 0.0 1.0 0.0 
0.725713 1.999995 -0.725715 0.561111 0.227778 0.0 1.0 0.0 
-0.725713 -2.000005 -0.725715 0.561111 0.561111 0.0 -1.0 0.0 
-1.913244 -2.000005 -0.725715 0.661111 0.561111 0.0 -1.0 0.0 
-1.913244 -2.000005 -1.913246 0.661111 0.661111 0.0 -1.0 0.0 
0.593765 -2.000005 -0.725715 0.45 0.561111 0.0 -1.0 0.0 
-0.593765 -2.000005 -0.725715 0.55 0.561111 0.0 -1.0 0.0 
-0.593765 -2.000005 -1.913246 0.55 0.661111 0.0 -1.0 0.0 
1.913246 -2.000005 -0.725715 0.338889 0.561111 0.0 -1.0 0.0 
0.725713 -2.000005 -0.725715 0.438889 0.561111 0.0 -1.0 0.0 
0.725713 -2.000005 -1.913246 0.438889 0.661111 0.0 -1.0 0.0 
-0.725713 -2.000005 0.593763 0.561111 0.45 0.0 -1.0 0.0 
-1.913244 -2.000005 0.593763 0.661111 0.45 0.0 -1.0 0.0 
-1.913244 -2.000005 -0.593767 0.661111 0.55 0.0 -1.0 0.0 
0.593765 -2.000005 0.593763 0.45 0.45 0.0 -1.0 0.0 
-0.593765 -2.000005 0.593763 0.55 0.45 0.0 -1.0 0.0 
-0.593765 -2.000005 -0.593767 0.55 0.55 0.0 -1.0 0.0 
1.913246 -2.000005 0.593763 0.338889 0.45 0.0 -1.0 0.0 
0.725713 -2.000005 0.593763 0.438889 0.45 0.0 -1.0 0.0 
0.725713 -2.000005 -0.593767 0.438889 0.55 0.0 -1.0 0.0 
-0.725713 -2.000005 1.913242 0.561111 0.338889 0.0 -1.0 0.0 
-1.913244 -2.000005 1.913242 0.661111 0.338889 0.0 -1.0 0.0 
-1.913244 -2.000005 0.725711 0.661111 0.438889 0.0 -1.0 0.0 
0.593765 -2.000005 1.913242 0.45 0.338889 0.0 -1.0 0.0 
-0.593765 -2.000005 1.913242 0.55 0.338889 0.0 -1.0 0.0 
-0.593765 -2.000005 0.725711 0.55 0.438889 0.0 -1.0 0.0 
1.913246 -2.000005 1.913242 0.338889 0.338889 0.0 -1.0 0.0 
0.725713 -2.000005 1.913242 0.438889 0.338889 0.0 -1.0 0.0 
0.725713 -2.000005 0.725711 0.438889 0.438889 0.0 -1.0 0.0 
-1.913244 -1.913249 1.999997 0.994444 0.005556 -0.3004 -0.0 0.9538 
-1.913244 -0.725718 1.999998 0.894444 0.005556 -0.3004 -0.0 0.9538 
-1.979217 -0.659744 1.979217 0.888889 0.0 -0.3004 -0.0 0.9538 
-1.913244 -0.725718 1.999998 0.894444 0.005556 0.0 0.3004 0.9538 
-0.725713 -0.725718 1.999998 0.894444 0.105556 0.0 0.3004 0.9538 
-0.659739 -0.659744 1.979217 0.888889 0.111111 0.0 0.3004 0.9538 
-0.659739 -0.659744 1.979217 0.888889 0.111111 0.3004 -0.0 0.9538 
-0.725713 -0.725718 1.999998 0.894444 0.105556 0.3004 -0.0 0.9538 
-0.725713 -1.913249 1.999997 0.994444 0.105556 0.3004 -0.0 0.9538 
-0.725713 -1.913249 1.999997 0.994444 0.105556 0.0 -0.3004 0.9538 
-1.913244 -1.913249 1.999997 0.994444 0.005556 0.0 -0.3004 0.9538 
-1.979217 -1.979223 1.979216 1.0 0.0 0.0 -0.3004 0.9538 
-0.593765 -1.913249 1.999997 0.994444 0.116667 -0.3004 -0.0 0.9538 
-0.593765 -0.725718 1.999998 0.894444 0.116667 -0.3004 -0.0 0.9538 
-0.659739 -0.659744 1.979217 0.888889 0.111111 -0.3004 -0.0 0.9538 
-0.593765 -0.725718 1.999998 0.894444 0.116667 0.0 0.3004 0.9538 
0.593765 -0.725718 1.999998 0.894444 0.216667 0.0 0.3004 0.9538 
0.65974 -0.659744 1.979217 0.888889 0.222222 0.0 0.3004 0.9538 
0.65974 -0.659744 1.979217 0.888889 0.222222 0.3004 -0.0 0.9538 
0.593765 -0.725718 1.999998 0.894444 0.216667 0.3004 -0.0 0.9538 
0.593765 -1.913249 1.999997 0.994444 0.216667 0.3004 -0.0 0.9538 
0.593765 -1.913249 1.999997 0.994444 0.216667 0.0 -0.3004 0.9538 
-0.593765 -1.913249 1.999997 0.994444 0.116667 0.0 -0.3004 0.9538 
-0.659739 -1.979223 1.979216 1.0 0.111111 0.0 -0.3004 0.9538 
0.725713 -1.913249 1.999997 0.994444 0.227778 -0.3004 -0.0 0.9538 
0.725713 -0.725718 1.999998 0.894444 0.227778 -0.3004 -0.0 0.9538 
0.65974 -0.659744 1.979217 0.888889 0.222222 -0.3004 -0.0 0.9538 
0.725713 -0.725718 1.999998 0.894444 0.227778 0.0 0.3004 0.9538 
1.913246 -0.725718 1.999998 0.894444 0.327778 0.0 0.3004 0.9538 
1.979219 -0.659744 1.979217 0.888889 0.333333 0.0 0.3004 0.9538 
1.979219 -0.659744 1.979217 0.888889 0.333333 0.3004 -0.0 0.9538 
1.913246 -0.725718 1.999998 0.894444 0.327778 0.3004 -0.0 0.9538 
1.913246 -1.913249 1.999997 0.994444 0.327778 0.3004 -0.0 0.9538 
1.913246 -1.913249 1.999997 0.994444 0.327778 0.0 -0.3004 0.9538 
0.725713 -1.913249 1.999997 0.994444 0.227778 0.0 -0.3004 0.9538 
0.65974 -1.979223 1.979216 1.0 0.222222 0.0 -0.3004 0.9538 
-1.913244 -0.59377 1.999998 0.883333 0.005556 -0.3004 -0.0 0.9538 
-1.913244 0.593761 1.999998 0.783333 0.005556 -0.3004 -0.0 0.9538 
-1.979217 0.659735 1.979217 0.777778 0.0 -0.3004 -0.0 0.9538 
-1.913244 0.593761 1.999998 0.783333 0.005556 0.0 0.3004 0.9538 
-0.725713 0.593761 1.999998 0.783333 0.105556 0.0 0.3004 0.9538 
-0.659739 0.659735 1.979217 0.777778 0.111111 0.0 0.3004 0.9538 
-0.725713 0.593761 1.999998 0.783333 0.105556 0.3004 -0.0 0.9538 
-0.725713 -0.59377 1.999998 0.883333 0.105556 0.3004 -0.0 0.9538 
-0.725713 -0.59377 1.999998 0.883333 0.105556 0.0 -0.3004 0.9538 
-1.913244 -0.59377 1.999998 0.883333 0.005556 0.0 -0.3004 0.9538 
-1.979217 -0.659744 1.979217 0.888889 0.0 0.0 -0.3004 0.9538 
-0.593765 -0.59377 1.999998 0.883333 0.116667 -0.3004 -0.0 0.9538 
-0.593765 0.593761 1.999998 0.783333 0.116667 -0.3004 -0.0 0.9538 
-0.659739 0.659735 1.979217 0.777778 0.111111 -0.3004 -0.0 0.9538 
-0.593765 0.593761 1.999998 0.783333 0.116667 0.0 0.3004 0.9538 
0.593765 0.593761 1.999998 0.783333 0.216667 0.0 0.3004 0.9538 
0.65974 0.659735 1.979217 0.777778 0.222222 0.0 0.3004 0.9538 
0.593765 0.593761 1.999998 0.783333 0.216667 0.3004 -0.0 0.9538 
0.593765 -0.59377 1.999998 0.883333 0.216667 0.3004 -0.0 0.9538 
0.593765 -0.59377 1.999998 0.883333 0.216667 0.0 -0.3004 0.9538 
-0.593765 -0.59377 1.999998 0.883333 0.116667 0.0 -0.3004 0.9538 
-0.659739 -0.659744 1.979217 0.888889 0.111111 0.0 -0.3004 0.9538 
0.725713 -0.59377 1.999998 0.883333 0.227778 -0.3004 -0.0 0.9538 
0.725713 0.593761 1.999998 0.783333 0.227778 -0.3004 -0.0 0.9538 
0.65974 0.659735 1.979217 0.777778 0.222222 -0.3004 -0.0 0.9538 
0.725713 0.593761 1.999998 0.783333 0.227778 0.0 0.3004 0.9538 
1.913246 0.593761 1.999998 0.783333 0.327778 0.0 0.3004 0.9538 
1.979219 0.659735 1.979217 0.777778 0.333333 0.0 0.3004 0.9538 
1.913246 0.593761 1.999998 0.783333 0.327778 0.3004 -0.0 0.9538 
1.913246 -0.59377 1.999998 0.883333 0.327778 0.3004 -0.0 0.9538 
1.913246 -0.59377 1.999998 0.883333 0.327778 0.0 -0.3004 0.9538 
0.725713 -0.59377 1.999998 0.883333 0.227778 0.0 -0.3004 0.9538 
0.65974 -0.659744 1.979217 0.888889 0.222222 0.0 -0.3004 0.9538 
-1.913244 0.725709 1.999998 0.772222 0.005556 -0.3004 -0.0 0.9538 
-1.913244 1.91324 1.999998 0.672222 0.005556 -0.3004 -0.0 0.9538 
-1.979217 1.979213 1.979217 0.666667 0.0 -0.3004 -0.0 0.9538 
-1.913244 1.91324 1.999998 0.672222 0.005556 0.0 0.3004 0.9538 
-0.725713 1.91324 1.999998 0.672222 0.105556 0.0 0.3004 0.9538 
-0.659739 1.979213 1.979217 0.666667 0.111111 0.0 0.3004 0.9538 
-0.725713 1.91324 1.999998 0.672222 0.105556 0.3004 -0.0 0.9538 
-0.725713 0.725709 1.999998 0.772222 0.105556 0.3004 -0.0 0.9538 
-0.659739 0.659735 1.979217 0.777778 0.111111 0.3004 -0.0 0.9538 
-0.725713 0.725709 1.999998 0.772222 0.105556 0.0 -0.3004 0.9538 
-1.913244 0.725709 1.999998 0.772222 0.005556 0.0 -0.3004 0.9538 
-1.979217 0.659735 1.979217 0.777778 0.0 0.0 -0.3004 0.9538 
-0.593765 0.725709 1.999998 0.772222 0.116667 -0.3004 -0.0 0.9538 
-0.593765 1.91324 1.999998 0.672222 0.116667 -0.3004 -0.0 0.9538 
-0.659739 1.979213 1.979217 0.666667 0.111111 -0.3004 -0.0 0.9538 
-0.593765 1.91324 1.999998 0.672222 0.116667 0.0 0.3004 0.9538 
0.593765 1.91324 1.999998 0.672222 0.216667 0.0 0.3004 0.9538 
0.65974 1.979213 1.979217 0.666667 0.222222 0.0 0.3004 0.9538 
0.65974 1.979213 1.979217 0.666667 0.222222 0.3004 -0.0 0.9538 
0.593765 1.91324 1.999998 0.672222 0.216667 0.3004 -0.0 0.9538 
0.593765 0.725709 1.999998 0.772222 0.216667 0.3004 -0.0 0.9538 
0.593765 0.725709 1.999998 0.772222 0.216667 0.0 -0.3004 0.9538 
-0.593765 0.725709 1.999998 0.772222 0.116667 0.0 -0.3004 0.9538 
-0.659739 0.659735 1.979217 0.777778 0.111111 0.0 -0.3004 0.9538 
0.725713 0.725709 1.999998 0.772222 0.227778 -0.3004 -0.0 0.9538 
0.725713 1.91324 1.999998 0.672222 0.227778 -0.3004 -0.0 0.9538 
0.65974 1.979213 1.979217 0.666667 0.222222 -0.3004 -0.0 0.9538 
0.725713 1.91324 1.999998 0.672222 0.227778 0.0 0.3004 0.9538 
1.913246 1.91324 1.999998 0.672222 0.327778 0.0 0.3004 0.9538 
1.979219 1.979213 1.979217 0.666667 0.333333 0.0 0.3004 0.9538 
1.913246 1.91324 1.999998 0.672222 0.327778 0.3004 -0.0 0.9538 
1.913246 0.725709 1.999998 0.772222 0.327778 0.3004 -0.0 0.9538 
1.979219 0.659735 1.979217 0.777778 0.333333 0.3004 -0.0 0.9538 
1.913246 0.725709 1.999998 0.772222 0.327778 0.0 -0.3004 0.9538 
0.725713 0.725709 1.999998 0.772222 0.227778 0.0 -0.3004 0.9538 
0.65974 0.659735 1.979217 0.777778 0.222222 0.0 -0.3004 0.9538 
2.000001 -1.913249 1.913242 0.327778 0.005556 0.9538 -0.0 0.3004 
2.000001 -0.725718 1.913242 0.227778 0.005556 0.9538 -0.0 0.3004 
1.979219 -0.659744 1.979217 0.222222 0.0 0.9538 -0.0 0.3004 
2.000001 -0.725718 1.913242 0.227778 0.005556 0.9538 0.3005 0.0 
2.000001 -0.725718 0.725711 0.227778 0.105556 0.9538 0.3004 0.0 
1.979219 -0.659744 0.659738 0.222222 0.111111 0.9538 0.3004 0.0 
2.000001 -0.725718 0.725711 0.227778 0.105556 0.9538 0.0 -0.3005 
2.000001 -1.913249 0.725711 0.327778 0.105556 0.9538 0.0 -0.3005 
1.979219 -1.979223 0.659738 0.333333 0.111111 0.9538 0.0 -0.3005 
2.000001 -1.913249 0.725711 0.327778 0.105556 0.9538 -0.3004 -0.0 
2.000001 -1.913249 1.913242 0.327778 0.005556 0.9538 -0.3004 -0.0 
1.979219 -1.979223 1.979216 0.333333 0.0 0.9538 -0.3004 -0.0 
2.000001 -1.913249 0.593763 0.327778 0.116667 0.9538 -0.0 0.3004 
2.000001 -0.725718 0.593764 0.227778 0.116667 0.9538 -0.0 0.3004 
1.979219 -0.659744 0.659738 0.222222 0.111111 0.9538 -0.0 0.3004 
2.000001 -0.725718 0.593764 0.227778 0.116667 0.9538 0.3004 0.0 
2.000001 -0.725718 -0.593767 0.227778 0.216667 0.9538 0.3004 0.0 
1.979219 -0.659744 -0.659741 0.222222 0.222222 0.9538 0.3004 0.0 
1.979219 -0.659744 -0.659741 0.222222 0.222222 0.9538 0.0 -0.3004 
2.000001 -0.725718 -0.593767 0.227778 0.216667 0.9538 0.0 -0.3004 
2.000001 -1.913249 -0.593767 0.327778 0.216667 0.9538 0.0 -0.3004 
2.000001 -1.913249 -0.593767 0.327778 0.216667 0.9538 -0.3004 -0.0 
2.000001 -1.913249 0.593763 0.327778 0.116667 0.9538 -0.3005 0.0 
1.979219 -1.979223 0.659738 0.333333 0.111111 0.9538 -0.3005 0.0 
2.000001 -1.913249 -0.725715 0.327778 0.227778 0.9538 -0.0 0.3004 
2.000001 -0.725718 -0.725715 0.227778 0.227778 0.9538 -0.0 0.3004 
1.979219 -0.659744 -0.659741 0.222222 0.222222 0.9538 -0.0 0.3004 
2.000001 -0.725718 -0.725715 0.227778 0.227778 0.9538 0.3004 0.0 
2.000001 -0.725718 -1.913246 0.227778 0.327778 0.9538 0.3004 0.0 
1.979219 -0.659744 -1.97922 0.222222 0.333333 0.9538 0.3004 0.0 
1.979219 -0.659744 -1.97922 0.222222 0.333333 0.9538 0.0 -0.3005 
2.000001 -0.725718 -1.913246 0.227778 0.327778 0.9538 0.0 -0.3005 
2.000001 -1.913249 -1.913246 0.327778 0.327778 0.9538 0.0 -0.3004 
2.000001 -1.913249 -1.913246 0.327778 0.327778 0.9538 -0.3005 0.0 
2.000001 -1.913249 -0.725715 0.327778 0.227778 0.9538 -0.3004 -0.0 
1.979219 -1.979223 -0.659741 0.333333 0.222222 0.9538 -0.3004 -0.0 
2.000001 -0.59377 1.913242 0.216667 0.005556 0.9538 -0.0 0.3004 
2.000001 0.593761 1.913242 0.116667 0.005556 0.9538 -0.0 0.3004 
1.979219 0.659735 1.979217 0.111111 0.0 0.9538 -0.0 0.3004 
2.000001 0.593761 1.913242 0.116667 0.005556 0.9538 0.3005 0.0 
2.000001 0.593761 0.725712 0.116667 0.105556 0.9538 0.3004 0.0 
1.979219 0.659735 0.659738 0.111111 0.111111 0.9538 0.3004 0.0 
2.000001 0.593761 0.725712 0.116667 0.105556 0.9538 0.0 -0.3004 
2.000001 -0.59377 0.725712 0.216667 0.105556 0.9538 0.0 -0.3004 
1.979219 -0.659744 0.659738 0.222222 0.111111 0.9538 0.0 -0.3004 
2.000001 -0.59377 0.725712 0.216667 0.105556 0.9538 -0.3004 -0.0 
2.000001 -0.59377 1.913242 0.216667 0.005556 0.9538 -0.3005 0.0 
1.979219 -0.659744 1.979217 0.222222 0.0 0.9538 -0.3005 0.0 
2.000001 -0.59377 0.593764 0.216667 0.116667 0.9538 -0.0 0.3004 
2.000001 0.593761 0.593764 0.116667 0.116667 0.9538 -0.0 0.3004 
1.979219 0.659735 0.659738 0.111111 0.111111 0.9538 -0.0 0.3004 
2.000001 0.593761 0.593764 0.116667 0.116667 0.9538 0.3004 0.0 
2.000001 0.593761 -0.593767 0.116667 0.216667 0.9538 0.3004 0.0 
1.979219 0.659735 -0.659741 0.111111 0.222222 0.9538 0.3004 0.0 
1.979219 0.659735 -0.659741 0.111111 0.222222 0.9538 0.0 -0.3004 
2.000001 0.593761 -0.593767 0.116667 0.216667 0.9538 0.0 -0.3004 
2.000001 -0.59377 -0.593767 0.216667 0.216667 0.9538 0.0 -0.3004 
2.000001 -0.59377 -0.593767 0.216667 0.216667 0.9538 -0.3004 -0.0 
2.000001 -0.59377 0.593764 0.216667 0.116667 0.9538 -0.3004 -0.0 
1.979219 -0.659744 0.659738 0.222222 0.111111 0.9538 -0.3004 -0.0 
2.000001 -0.59377 -0.725715 0.216667 0.227778 0.9538 -0.0 0.3004 
2.000001 0.593761 -0.725715 0.116667 0.227778 0.9538 -0.0 0.3004 
1.979219 0.659735 -0.659741 0.111111 0.222222 0.9538 -0.0 0.3004 
2.000001 0.593761 -0.725715 0.116667 0.227778 0.9538 0.3004 0.0 
2.000001 0.593761 -1.913246 0.116667 0.327778 0.9538 0.3004 0.0 
1.979219 0.659735 -1.97922 0.111111 0.333333 0.9538 0.3004 0.0 
1.979219 0.659735 -1.97922 0.111111 0.333333 0.9538 0.0 -0.3004 
2.000001 0.593761 -1.913246 0.116667 0.327778 0.9538 0.0 -0.3004 
2.000001 -0.59377 -1.913246 0.216667 0.327778 0.9538 0.0 -0.3004 
2.000001 -0.59377 -1.913246 0.216667 0.327778 0.9538 -0.3004 -0.0 
2.000001 -0.59377 -0.725715 0.216667 0.227778 0.9538 -0.3004 -0.0 
1.979219 -0.659744 -0.659741 0.222222 0.222222 0.9538 -0.3004 -0.0 
2.000001 0.725709 1.913242 0.105556 0.005556 0.9538 -0.0 0.3004 
2.000001 1.91324 1.913242 0.005556 0.005556 0.9538 -0.0 0.3004 
1.979219 1.979213 1.979217 0.0 0.0 0.9538 -0.0 0.3004 
2.000001 1.91324 1.913242 0.005556 0.005556 0.9538 0.3005 0.0 
2.000001 1.91324 0.725712 0.005556 0.105556 0.9538 0.3005 0.0 
1.979219 1.979213 0.659738 0.0 0.111111 0.9538 0.3005 0.0 
1.979219 1.979213 0.659738 0.0 0.111111 0.9538 0.0 -0.3004 
2.000001 1.91324 0.725712 0.005556 0.105556 0.9538 0.0 -0.3004 
2.000001 0.725709 0.725712 0.105556 0.105556 0.9538 0.0 -0.3004 
2.000001 0.725709 0.725712 0.105556 0.105556 0.9538 -0.3004 -0.0 
2.000001 0.725709 1.913242 0.105556 0.005556 0.9538 -0.3004 -0.0 
1.979219 0.659735 1.979217 0.111111 0.0 0.9538 -0.3004 -0.0 
2.000001 0.725709 0.593764 0.105556 0.116667 0.9538 -0.0 0.3004 
2.000001 1.91324 0.593764 0.005556 0.116667 0.9538 -0.0 0.3004 
1.979219 1.979213 0.659738 0.0 0.111111 0.9538 -0.0 0.3004 
2.000001 1.91324 0.593764 0.005556 0.116667 0.9538 0.3005 0.0 
2.000001 1.91324 -0.593767 0.005556 0.216667 0.9538 0.3005 0.0 
1.979219 1.979213 -0.659741 0.0 0.222222 0.9538 0.3005 0.0 
1.979219 1.979213 -0.659741 0.0 0.222222 0.9538 0.0 -0.3004 
2.000001 1.91324 -0.593767 0.005556 0.216667 0.9538 0.0 -0.3004 
2.000001 0.725709 -0.593767 0.105556 0.216667 0.9538 0.0 -0.3004 
2.000001 0.725709 -0.593767 0.105556 0.216667 0.9538 -0.3004 -0.0 
2.000001 0.725709 0.593764 0.105556 0.116667 0.9538 -0.3004 -0.0 
1.979219 0.659735 0.659738 0.111111 0.111111 0.9538 -0.3004 -0.0 
2.000001 0.725709 -0.725715 0.105556 0.227778 0.9538 -0.0 0.3004 
2.000001 1.91324 -0.725715 0.005556 0.227778 0.9538 -0.0 0.3004 
1.979219 1.979213 -0.659741 0.0 0.222222 0.9538 -0.0 0.3004 
2.000001 1.91324 -0.725715 0.005556 0.227778 0.9538 0.3005 0.0 
2.000001 1.913241 -1.913246 0.005556 0.327778 0.9538 0.3005 0.0 
1.979219 1.979213 -1.97922 0.0 0.333333 0.9538 0.0 -0.3004 
2.000001 1.913241 -1.913246 0.005556 0.327778 0.9538 0.0 -0.3004 
2.000001 0.725709 -1.913246 0.105556 0.327778 0.9538 0.0 -0.3004 
2.000001 0.725709 -1.913246 0.105556 0.327778 0.9538 -0.3004 -0.0 
2.000001 0.725709 -0.725715 0.105556 0.227778 0.9538 -0.3005 0.0 
1.979219 0.659735 -0.659741 0.111111 0.222222 0.9538 -0.3005 0.0 
1.979219 -1.979222 -1.97922 0.333333 0.666667 0.3005 0.0 -0.9538 
1.913246 -1.913249 -2.000002 0.327778 0.672222 0.3005 0.0 -0.9538 
1.913246 -0.725718 -2.000002 0.227778 0.672222 0.3004 0.0 -0.9538 
1.913246 -0.725718 -2.000002 0.227778 0.672222 0.0 0.3004 -0.9538 
0.725713 -0.725718 -2.000002 0.227778 0.772222 0.0 0.3004 -0.9538 
0.65974 -0.659744 -1.97922 0.222222 0.777778 0.0 0.3004 -0.9538 
0.725713 -0.725718 -2.000002 0.227778 0.772222 -0.3004 0.0 -0.9538 
0.725713 -1.913249 -2.000002 0.327778 0.772222 -0.3005 0.0 -0.9538 
0.65974 -1.979222 -1.97922 0.333333 0.777778 -0.3005 0.0 -0.9538 
0.725713 -1.913249 -2.000002 0.327778 0.772222 0.0 -0.3005 -0.9538 
1.913246 -1.913249 -2.000002 0.327778 0.672222 0.0 -0.3005 -0.9538 
1.979219 -1.979222 -1.97922 0.333333 0.666667 0.0 -0.3005 -0.9538 
0.65974 -1.979222 -1.97922 0.333333 0.777778 0.3004 0.0 -0.9538 
0.593765 -1.913249 -2.000002 0.327778 0.783333 0.3004 0.0 -0.9538 
0.593765 -0.725718 -2.000002 0.227778 0.783333 0.3004 0.0 -0.9538 
0.593765 -0.725718 -2.000002 0.227778 0.783333 0.0 0.3004 -0.9538 
-0.593765 -0.725718 -2.000002 0.227778 0.883333 0.0 0.3004 -0.9538 
-0.659739 -0.659744 -1.97922 0.222222 0.888889 0.0 0.3004 -0.9538 
-0.593765 -0.725718 -2.000002 0.227778 0.883333 -0.3004 0.0 -0.9538 
-0.593765 -1.913249 -2.000002 0.327778 0.883333 -0.3004 0.0 -0.9538 
-0.659739 -1.979222 -1.97922 0.333333 0.888889 -0.3004 0.0 -0.9538 
-0.593765 -1.913249 -2.000002 0.327778 0.883333 0.0 -0.3005 -0.9538 
0.593765 -1.913249 -2.000002 0.327778 0.783333 0.0 -0.3005 -0.9538 
0.65974 -1.979222 -1.97922 0.333333 0.777778 0.0 -0.3005 -0.9538 
-0.659739 -1.979222 -1.97922 0.333333 0.888889 0.3004 0.0 -0.9538 
-0.725713 -1.913249 -2.000002 0.327778 0.894444 0.3004 0.0 -0.9538 
-0.725713 -0.725718 -2.000002 0.227778 0.894444 0.3004 0.0 -0.9538 
-0.725713 -0.725718 -2.000002 0.227778 0.894444 0.0 0.3004 -0.9538 
-1.913244 -0.725718 -2.000002 0.227778 0.994444 0.0 0.3004 -0.9538 
-1.979217 -0.659744 -1.97922 0.222222 1.0 0.0 0.3004 -0.9538 
-1.913244 -0.725718 -2.000002 0.227778 0.994444 -0.3004 0.0 -0.9538 
-1.913244 -1.913249 -2.000002 0.327778 0.994444 -0.3005 0.0 -0.9538 
-1.979217 -1.979222 -1.97922 0.333333 1.0 -0.3005 0.0 -0.9538 
-1.913244 -1.913249 -2.000002 0.327778 0.994444 0.0 -0.3004 -0.9538 
-0.725713 -1.913249 -2.000002 0.327778 0.894444 0.0 -0.3004 -0.9538 
-0.659739 -1.979222 -1.97922 0.333333 0.888889 0.0 -0.3004 -0.9538 
1.913246 -0.593769 -2.000002 0.216667 0.672222 0.3005 0.0 -0.9538 
1.913246 0.593761 -2.000002 0.116667 0.672222 0.3005 0.0 -0.9538 
1.979219 0.659735 -1.97922 0.111111 0.666667 0.3005 0.0 -0.9538 
1.913246 0.593761 -2.000002 0.116667 0.672222 0.0 0.3004 -0.9538 
0.725713 0.593761 -2.000002 0.116667 0.772222 0.0 0.3004 -0.9538 
0.65974 0.659735 -1.97922 0.111111 0.777778 0.0 0.3004 -0.9538 
0.65974 0.659735 -1.97922 0.111111 0.777778 -0.3005 0.0 -0.9538 
0.725713 0.593761 -2.000002 0.116667 0.772222 -0.3005 0.0 -0.9538 
0.725713 -0.593769 -2.000002 0.216667 0.772222 -0.3005 0.0 -0.9538 
0.725713 -0.593769 -2.000002 0.216667 0.772222 0.0 -0.3004 -0.9538 
1.913246 -0.593769 -2.000002 0.216667 0.672222 0.0 -0.3004 -0.9538 
1.979219 -0.659744 -1.97922 0.222222 0.666667 0.0 -0.3004 -0.9538 
0.593765 -0.593769 -2.000002 0.216667 0.783333 0.3004 0.0 -0.9538 
0.593765 0.593761 -2.000002 0.116667 0.783333 0.3004 0.0 -0.9538 
0.65974 0.659735 -1.97922 0.111111 0.777778 0.3004 0.0 -0.9538 
0.593765 0.593761 -2.000002 0.116667 0.783333 0.0 0.3004 -0.9538 
-0.593765 0.593761 -2.000002 0.116667 0.883333 0.0 0.3004 -0.9538 
-0.659739 0.659735 -1.97922 0.111111 0.888889 0.0 0.3004 -0.9538 
-0.659739 0.659735 -1.97922 0.111111 0.888889 -0.3004 0.0 -0.9538 
-0.593765 0.593761 -2.000002 0.116667 0.883333 -0.3004 0.0 -0.9538 
-0.593765 -0.593769 -2.000002 0.216667 0.883333 -0.3004 0.0 -0.9538 
-0.593765 -0.593769 -2.000002 0.216667 0.883333 0.0 -0.3004 -0.9538 
0.593765 -0.593769 -2.000002 0.216667 0.783333 0.0 -0.3004 -0.9538 
0.65974 -0.659744 -1.97922 0.222222 0.777778 0.0 -0.3004 -0.9538 
-0.725713 -0.593769 -2.000002 0.216667 0.894444 0.3004 0.0 -0.9538 
-0.725713 0.593761 -2.000002 0.116667 0.894444 0.3004 0.0 -0.9538 
-0.659739 0.659735 -1.97922 0.111111 0.888889 0.3004 0.0 -0.9538 
-0.725713 0.593761 -2.000002 0.116667 0.894444 0.0 0.3004 -0.9538 
-1.913244 0.593761 -2.000002 0.116667 0.994444 0.0 0.3004 -0.9538 
-1.979217 0.659735 -1.97922 0.111111 1.0 0.0 0.3004 -0.9538 
-1.979217 0.659735 -1.97922 0.111111 1.0 -0.3005 0.0 -0.9538 
-1.913244 0.593761 -2.000002 0.116667 0.994444 -0.3005 0.0 -0.9538 
-1.913244 -0.593769 -2.000002 0.216667 0.994444 -0.3005 0.0 -0.9538 
-1.913244 -0.593769 -2.000002 0.216667 0.994444 0.0 -0.3004 -0.9538 
-0.725713 -0.593769 -2.000002 0.216667 0.894444 0.0 -0.3004 -0.9538 
-0.659739 -0.659744 -1.97922 0.222222 0.888889 0.0 -0.3004 -0.9538 
1.913246 0.725709 -2.000002 0.105555 0.672222 0.3005 0.0 -0.9538 
1.913246 1.913241 -2.000002 0.005556 0.672222 0.3005 0.0 -0.9538 
1.979219 1.979213 -1.97922 0.0 0.666667 0.3005 0.0 -0.9538 
1.913246 1.913241 -2.000002 0.005556 0.672222 0.0 0.3005 -0.9538 
0.725713 1.913241 -2.000002 0.005556 0.772222 0.0 0.3005 -0.9538 
0.65974 1.979213 -1.97922 0.0 0.777778 0.0 0.3005 -0.9538 
0.65974 1.979213 -1.97922 0.0 0.777778 -0.3005 0.0 -0.9538 
0.725713 1.913241 -2.000002 0.005556 0.772222 -0.3005 0.0 -0.9538 
0.725713 0.725709 -2.000002 0.105555 0.772222 -0.3005 0.0 -0.9538 
0.725713 0.725709 -2.000002 0.105555 0.772222 0.0 -0.3004 -0.9538 
1.913246 0.725709 -2.000002 0.105555 0.672222 0.0 -0.3004 -0.9538 
1.979219 0.659735 -1.97922 0.111111 0.666667 0.0 -0.3004 -0.9538 
0.593765 0.725709 -2.000002 0.105555 0.783333 0.3004 0.0 -0.9538 
0.593765 1.913241 -2.000002 0.005556 0.783333 0.3004 0.0 -0.9538 
0.65974 1.979213 -1.97922 0.0 0.777778 0.3004 0.0 -0.9538 
0.593765 1.913241 -2.000002 0.005556 0.783333 0.0 0.3005 -0.9538 
-0.593765 1.913241 -2.000002 0.005556 0.883333 0.0 0.3005 -0.9538 
-0.659739 1.979213 -1.97922 0.0 0.888889 0.0 0.3005 -0.9538 
-0.659739 1.979213 -1.97922 0.0 0.888889 -0.3004 0.0 -0.9538 
-0.593765 1.913241 -2.000002 0.005556 0.883333 -0.3004 0.0 -0.9538 
-0.593765 0.725709 -2.000002 0.105555 0.883333 -0.3004 0.0 -0.9538 
-0.593765 0.725709 -2.000002 0.105555 0.883333 0.0 -0.3004 -0.9538 
0.593765 0.725709 -2.000002 0.105555 0.783333 0.0 -0.3004 -0.9538 
0.65974 0.659735 -1.97922 0.111111 0.777778 0.0 -0.3004 -0.9538 
-0.725713 0.725709 -2.000002 0.105555 0.894444 0.3004 0.0 -0.9538 
-0.725713 1.913241 -2.000002 0.005556 0.894444 0.3004 0.0 -0.9538 
-0.659739 1.979213 -1.97922 0.0 0.888889 0.3004 0.0 -0.9538 
-0.725713 1.913241 -2.000002 0.005556 0.894444 0.0 0.3005 -0.9538 
-1.913244 1.913241 -2.000002 0.005556 0.994444 0.0 0.3005 -0.9538 
-1.979217 1.979213 -1.97922 0.0 1.0 0.0 0.3005 -0.9538 
-1.913244 1.913241 -2.000002 0.005556 0.994444 -0.3004 0.0 -0.9538 
-1.913244 0.725709 -2.000002 0.105555 0.994444 -0.3005 0.0 -0.9538 
-1.913244 0.725709 -2.000002 0.105555 0.994444 0.0 -0.3004 -0.9538 
-0.725713 0.725709 -2.000002 0.105555 0.894444 0.0 -0.3004 -0.9538 
-0.659739 0.659735 -1.97922 0.111111 0.888889 0.0 -0.3004 -0.9538 
-1.979217 -1.979222 -1.97922 0.333333 0.333333 -0.9538 0.0 -0.3005 
-2.0 -1.913249 -1.913246 0.327778 0.338889 -0.9538 0.0 -0.3005 
-2.0 -0.725718 -1.913246 0.227778 0.338889 -0.9538 0.0 -0.3005 
-2.0 -0.725718 -1.913246 0.227778 0.338889 -0.9538 0.3005 0.0 
-2.0 -0.725718 -0.725715 0.227778 0.438889 -0.9538 0.3005 0.0 
-1.979217 -0.659744 -0.659741 0.222222 0.444445 -0.9538 0.3005 0.0 
-1.979217 -0.659744 -0.659741 0.222222 0.444445 -0.9538 0.0 0.3005 
-2.0 -0.725718 -0.725715 0.227778 0.438889 -0.9538 0.0 0.3005 
-2.0 -1.913249 -0.725715 0.327778 0.438889 -0.9538 0.0 0.3005 
-1.979217 -1.979223 -0.659741 0.333333 0.444444 -0.9538 -0.3005 -0.0 
-2.0 -1.913249 -0.725715 0.327778 0.438889 -0.9538 -0.3005 -0.0 
-2.0 -1.913249 -1.913246 0.327778 0.338889 -0.9538 -0.3005 -0.0 
-2.0 -1.913249 -0.593767 0.327778 0.45 -0.9538 0.0 -0.3005 
-2.0 -0.725718 -0.593767 0.227778 0.45 -0.9538 0.0 -0.3005 
-1.979217 -0.659744 -0.659741 0.222222 0.444445 -0.9538 0.0 -0.3005 
-2.0 -0.725718 -0.593767 0.227778 0.45 -0.9538 0.3005 0.0 
-2.0 -0.725718 0.593764 0.227778 0.55 -0.9538 0.3005 0.0 
-1.979217 -0.659744 0.659738 0.222222 0.555556 -0.9538 0.3005 0.0 
-2.0 -0.725718 0.593764 0.227778 0.55 -0.9538 0.0 0.3005 
-2.0 -1.913249 0.593763 0.327778 0.55 -0.9538 0.0 0.3005 
-1.979217 -1.979223 0.659738 0.333333 0.555556 -0.9538 0.0 0.3005 
-2.0 -1.913249 0.593763 0.327778 0.55 -0.9538 -0.3005 -0.0 
-2.0 -1.913249 -0.593767 0.327778 0.45 -0.9538 -0.3005 -0.0 
-2.0 -1.913249 0.725711 0.327778 0.561111 -0.9538 0.0 -0.3005 
-2.0 -0.725718 0.725711 0.227778 0.561111 -0.9538 0.0 -0.3005 
-1.979217 -0.659744 0.659738 0.222222 0.555556 -0.9538 0.0 -0.3005 
-2.0 -0.725718 0.725711 0.227778 0.561111 -0.9538 0.3005 0.0 
-2.0 -0.725718 1.913242 0.227778 0.661111 -0.9538 0.3005 0.0 
-2.0 -0.725718 1.913242 0.227778 0.661111 -0.9538 0.0 0.3005 
-2.0 -1.913249 1.913242 0.327778 0.661111 -0.9538 0.0 0.3005 
-1.979217 -1.979223 1.979216 0.333333 0.666667 -0.9538 0.0 0.3005 
-2.0 -1.913249 1.913242 0.327778 0.661111 -0.9538 -0.3005 -0.0 
-2.0 -1.913249 0.725711 0.327778 0.561111 -0.9538 -0.3005 -0.0 
-1.979217 -1.979223 0.659738 0.333333 0.555556 -0.9538 -0.3005 -0.0 
-2.0 -0.59377 -1.913246 0.216667 0.338889 -0.9538 0.0 -0.3005 
-2.0 0.593761 -1.913246 0.116667 0.338889 -0.9538 0.0 -0.3005 
-1.979217 0.659735 -1.97922 0.111111 0.333333 -0.9538 0.0 -0.3005 
-2.0 0.593761 -1.913246 0.116667 0.338889 -0.9538 0.3005 0.0 
-2.0 0.593761 -0.725715 0.116667 0.438889 -0.9538 0.3005 0.0 
-1.979217 0.659735 -0.659741 0.111111 0.444445 -0.9538 0.3005 0.0 
-1.979217 0.659735 -0.659741 0.111111 0.444445 -0.9538 0.0 0.3005 
-2.0 0.593761 -0.725715 0.116667 0.438889 -0.9538 0.0 0.3005 
-2.0 -0.59377 -0.725715 0.216667 0.438889 -0.9538 0.0 0.3005 
-1.979217 -0.659744 -0.659741 0.222222 0.444445 -0.9538 -0.3005 -0.0 
-2.0 -0.59377 -0.725715 0.216667 0.438889 -0.9538 -0.3005 -0.0 
-2.0 -0.59377 -1.913246 0.216667 0.338889 -0.9538 -0.3005 -0.0 
-2.0 -0.59377 -0.593767 0.216667 0.45 -0.9538 0.0 -0.3005 
-2.0 0.593761 -0.593767 0.116667 0.45 -0.9538 0.0 -0.3005 
-1.979217 0.659735 -0.659741 0.111111 0.444445 -0.9538 0.0 -0.3005 
-2.0 0.593761 -0.593767 0.116667 0.45 -0.9538 0.3005 0.0 
-2.0 0.593761 0.593764 0.116667 0.55 -0.9538 0.3005 0.0 
-2.0 0.593761 0.593764 0.116667 0.55 -0.9538 0.0 0.3005 
-2.0 -0.59377 0.593764 0.216667 0.55 -0.9538 0.0 0.3005 
-1.979217 -0.659744 0.659738 0.222222 0.555556 -0.9538 0.0 0.3005 
-2.0 -0.59377 0.593764 0.216667 0.55 -0.9538 -0.3005 -0.0 
-2.0 -0.59377 -0.593767 0.216667 0.45 -0.9538 -0.3005 -0.0 
-2.0 -0.59377 0.725712 0.216667 0.561111 -0.9538 0.0 -0.3005 
-2.0 0.593761 0.725712 0.116667 0.561111 -0.9538 0.0 -0.3005 
-1.979217 0.659735 0.659738 0.111111 0.555556 -0.9538 0.0 -0.3005 
-2.0 0.593761 0.725712 0.116667 0.561111 -0.9538 0.3005 0.0 
-2.0 0.593761 1.913242 0.116667 0.661111 -0.9538 0.3005 0.0 
-1.979217 0.659735 1.979217 0.111111 0.666667 -0.9538 0.3005 0.0 
-1.979217 0.659735 1.979217 0.111111 0.666667 -0.9538 0.0 0.3005 
-2.0 0.593761 1.913242 0.116667 0.661111 -0.9538 0.0 0.3005 
-2.0 -0.59377 1.913242 0.216667 0.661111 -0.9538 0.0 0.3005 
-2.0 -0.59377 1.913242 0.216667 0.661111 -0.9538 -0.3005 -0.0 
-2.0 -0.59377 0.725712 0.216667 0.561111 -0.9538 -0.3005 -0.0 
-1.979217 -0.659744 0.659738 0.222222 0.555556 -0.9538 -0.3005 -0.0 
-2.0 0.725709 -1.913246 0.105556 0.338889 -0.9538 0.0 -0.3005 
-2.0 1.913241 -1.913246 0.005556 0.338889 -0.9538 0.0 -0.3005 
-1.979217 1.979213 -1.97922 0.0 0.333333 -0.9538 0.0 -0.3005 
-2.0 1.913241 -1.913246 0.005556 0.338889 -0.9538 0.3005 0.0 
-2.0 1.91324 -0.725715 0.005556 0.438889 -0.9538 0.3005 0.0 
-1.979217 1.979213 -0.659741 0.0 0.444445 -0.9538 0.3005 0.0 
-1.979217 1.979213 -0.659741 0.0 0.444445 -0.9538 0.0 0.3005 
-2.0 1.91324 -0.725715 0.005556 0.438889 -0.9538 0.0 0.3005 
-2.0 0.725709 -0.725715 0.105556 0.438889 -0.9538 0.0 0.3005 
-2.0 0.725709 -0.725715 0.105556 0.438889 -0.9538 -0.3005 -0.0 
-2.0 0.725709 -1.913246 0.105556 0.338889 -0.9538 -0.3005 -0.0 
-1.979217 0.659735 -1.97922 0.111111 0.333333 -0.9538 -0.3005 -0.0 
-2.0 0.725709 -0.593767 0.105556 0.45 -0.9538 0.0 -0.3005 
-2.0 1.91324 -0.593767 0.005556 0.45 -0.9538 0.0 -0.3005 
-1.979217 1.979213 -0.659741 0.0 0.444445 -0.9538 0.0 -0.3005 
-2.0 1.91324 -0.593767 0.005556 0.45 -0.9538 0.3005 0.0 
-2.0 1.91324 0.593764 0.005556 0.55 -0.9538 0.3005 0.0 
-1.979217 1.979213 0.659738 0.0 0.555556 -0.9538 0.3005 0.0 
-2.0 1.91324 0.593764 0.005556 0.55 -0.9538 0.0 0.3005 
-2.0 0.725709 0.593764 0.105556 0.55 -0.9538 0.0 0.3005 
-1.979217 0.659735 0.659738 0.111111 0.555556 -0.9538 0.0 0.3005 
-2.0 0.725709 0.593764 0.105556 0.55 -0.9538 -0.3005 -0.0 
-2.0 0.725709 -0.593767 0.105556 0.45 -0.9538 -0.3005 -0.0 
-1.979217 0.659735 -0.659741 0.111111 0.444445 -0.9538 -0.3005 -0.0 
-2.0 0.725709 0.725712 0.105556 0.561111 -0.9538 0.0 -0.3005 
-2.0 1.91324 0.725712 0.005556 0.561111 -0.9538 0.0 -0.3005 
-1.979217 1.979213 0.659738 0.0 0.555556 -0.9538 0.0 -0.3005 
-2.0 1.91324 0.725712 0.005556 0.561111 -0.9538 0.3005 0.0 
-2.0 1.91324 1.913242 0.005556 0.661111 -0.9538 0.3005 0.0 
-1.979217 1.979213 1.979217 0.0 0.666667 -0.9538 0.3005 0.0 
-1.979217 1.979213 1.979217 0.0 0.666667 -0.9538 0.0 0.3005 
-2.0 1.91324 1.913242 0.005556 0.661111 -0.9538 0.0 0.3005 
-2.0 0.725709 1.913242 0.105556 0.661111 -0.9538 0.0 0.3005 
-2.0 0.725709 1.913242 0.105556 0.661111 -0.9538 -0.3005 -0.0 
-2.0 0.725709 0.725712 0.105556 0.561111 -0.9538 -0.3005 -0.0 
-1.979217 0.659735 0.659738 0.111111 0.555556 -0.9538 -0.3005 -0.0 
-1.913244 1.999995 1.913242 0.338889 0.005556 -0.3005 0.9538 0.0 
-1.913244 1.999995 0.725712 0.338889 0.105556 -0.3005 0.9538 0.0 
-1.979217 1.979213 0.659738 0.333333 0.111111 -0.3005 0.9538 0.0 
-1.913244 1.999995 0.725712 0.338889 0.105556 0.0 0.9538 -0.3004 
-0.725713 1.999995 0.725712 0.438889 0.105556 0.0 0.9538 -0.3004 
-0.659739 1.979213 0.659738 0.444445 0.111111 0.0 0.9538 -0.3004 
-0.725713 1.999995 0.725712 0.438889 0.105556 0.3004 0.9538 0.0 
-0.725713 1.999995 1.913242 0.438889 0.005556 0.3004 0.9538 0.0 
-0.659739 1.979213 1.979217 0.444445 0.0 0.3004 0.9538 0.0 
-0.725713 1.999995 1.913242 0.438889 0.005556 0.0 0.9538 0.3004 
-1.913244 1.999995 1.913242 0.338889 0.005556 0.0 0.9538 0.3004 
-1.979217 1.979213 1.979217 0.333333 0.0 0.0 0.9538 0.3004 
-0.593765 1.999995 1.913242 0.45 0.005556 -0.3004 0.9538 0.0 
-0.593765 1.999995 0.725712 0.45 0.105556 -0.3004 0.9538 0.0 
-0.659739 1.979213 0.659738 0.444445 0.111111 -0.3004 0.9538 0.0 
-0.593765 1.999995 0.725712 0.45 0.105556 0.0 0.9538 -0.3004 
0.593765 1.999995 0.725712 0.55 0.105556 0.0 0.9538 -0.3004 
0.65974 1.979213 0.659738 0.555556 0.111111 0.0 0.9538 -0.3004 
0.593765 1.999995 0.725712 0.55 0.105556 0.3004 0.9538 0.0 
0.593765 1.999995 1.913242 0.55 0.005556 0.3004 0.9538 0.0 
0.65974 1.979213 1.979217 0.555556 0.0 0.3004 0.9538 0.0 
0.593765 1.999995 1.913242 0.55 0.005556 0.0 0.9538 0.3004 
-0.593765 1.999995 1.913242 0.45 0.005556 0.0 0.9538 0.3004 
-0.659739 1.979213 1.979217 0.444445 0.0 0.0 0.9538 0.3004 
0.725713 1.999995 1.913242 0.561111 0.005556 -0.3005 0.9538 0.0 
0.725713 1.999995 0.725712 0.561111 0.105556 -0.3005 0.9538 0.0 
0.65974 1.979213 0.659738 0.555556 0.111111 -0.3005 0.9538 0.0 
0.725713 1.999995 0.725712 0.561111 0.105556 0.0 0.9538 -0.3004 
1.913246 1.999995 0.725712 0.661111 0.105556 0.0 0.9538 -0.3004 
1.979219 1.979213 0.659738 0.666667 0.111111 0.0 0.9538 -0.3004 
1.913246 1.999995 0.725712 0.661111 0.105556 0.3005 0.9538 0.0 
1.913246 1.999995 1.913242 0.661111 0.005556 0.3005 0.9538 0.0 
1.979219 1.979213 1.979217 0.666667 0.0 0.3005 0.9538 0.0 
1.913246 1.999995 1.913242 0.661111 0.005556 0.0 0.9538 0.3004 
0.725713 1.999995 1.913242 0.561111 0.005556 0.0 0.9538 0.3004 
0.65974 1.979213 1.979217 0.555556 0.0 0.0 0.9538 0.3004 
-1.913244 1.999995 0.593764 0.338889 0.116667 -0.3005 0.9538 0.0 
-1.913244 1.999995 -0.593767 0.338889 0.216667 -0.3005 0.9538 0.0 
-1.913244 1.999995 -0.593767 0.338889 0.216667 0.0 0.9538 -0.3004 
-0.725713 1.999995 -0.593767 0.438889 0.216667 0.0 0.9538 -0.3004 
-0.659739 1.979213 -0.659741 0.444445 0.222222 0.0 0.9538 -0.3004 
-0.725713 1.999995 -0.593767 0.438889 0.216667 0.3004 0.9538 0.0 
-0.725713 1.999995 0.593764 0.438889 0.116667 0.3004 0.9538 0.0 
-0.659739 1.979213 0.659738 0.444445 0.111111 0.3004 0.9538 0.0 
-0.725713 1.999995 0.593764 0.438889 0.116667 0.0 0.9538 0.3004 
-1.913244 1.999995 0.593764 0.338889 0.116667 0.0 0.9538 0.3004 
-1.979217 1.979213 0.659738 0.333333 0.111111 0.0 0.9538 0.3004 
-0.593765 1.999995 0.593764 0.45 0.116667 -0.3004 0.9538 0.0 
-0.593765 1.999995 -0.593767 0.45 0.216667 -0.3004 0.9538 0.0 
-0.659739 1.979213 -0.659741 0.444445 0.222222 -0.3004 0.9538 0.0 
-0.593765 1.999995 -0.593767 0.45 0.216667 0.0 0.9538 -0.3004 
0.593765 1.999995 -0.593767 0.55 0.216667 0.0 0.9538 -0.3004 
0.65974 1.979213 -0.659741 0.555556 0.222222 0.0 0.9538 -0.3004 
0.593765 1.999995 -0.593767 0.55 0.216667 0.3004 0.9538 0.0 
0.593765 1.999995 0.593764 0.55 0.116667 0.3004 0.9538 0.0 
0.65974 1.979213 0.659738 0.555556 0.111111 0.3004 0.9538 0.0 
0.593765 1.999995 0.593764 0.55 0.116667 0.0 0.9538 0.3004 
-0.593765 1.999995 0.593764 0.45 0.116667 0.0 0.9538 0.3004 
-0.659739 1.979213 0.659738 0.444445 0.111111 0.0 0.9538 0.3004 
0.725713 1.999995 0.593764 0.561111 0.116667 -0.3005 0.9538 0.0 
0.725713 1.999995 -0.593767 0.561111 0.216667 -0.3005 0.9538 0.0 
0.725713 1.999995 -0.593767 0.561111 0.216667 0.0 0.9538 -0.3004 
1.913246 1.999995 -0.593767 0.661111 0.216667 0.0 0.9538 -0.3004 
1.979219 1.979213 -0.659741 0.666667 0.222222 0.0 0.9538 -0.3004 
1.913246 1.999995 -0.593767 0.661111 0.216667 0.3005 0.9538 0.0 
1.913246 1.999995 0.593764 0.661111 0.116667 0.3005 0.9538 0.0 
1.979219 1.979213 0.659738 0.666667 0.111111 0.3005 0.9538 0.0 
1.913246 1.999995 0.593764 0.661111 0.116667 0.0 0.9538 0.3004 
0.725713 1.999995 0.593764 0.561111 0.116667 0.0 0.9538 0.3004 
0.65974 1.979213 0.659738 0.555556 0.111111 0.0 0.9538 0.3004 
-1.979217 1.979213 -0.659741 0.333333 0.222222 -0.3005 0.9538 0.0 
-1.913244 1.999995 -0.725715 0.338889 0.227778 -0.3005 0.9538 0.0 
-1.913244 1.999995 -1.913246 0.338889 0.327778 -0.3005 0.9538 0.0 
-1.913244 1.999995 -1.913246 0.338889 0.327778 0.0 0.9538 -0.3004 
-0.725713 1.999995 -1.913246 0.438889 0.327778 0.0 0.9538 -0.3004 
-0.659739 1.979213 -1.97922 0.444445 0.333333 0.0 0.9538 -0.3004 
-0.725713 1.999995 -1.913246 0.438889 0.327778 0.3004 0.9538 0.0 
-0.725713 1.999995 -0.725715 0.438889 0.227778 0.3004 0.9538 0.0 
-0.659739 1.979213 -0.659741 0.444445 0.222222 0.3004 0.9538 0.0 
-0.725713 1.999995 -0.725715 0.438889 0.227778 0.0 0.9538 0.3004 
-1.913244 1.999995 -0.725715 0.338889 0.227778 0.0 0.9538 0.3004 
-1.979217 1.979213 -0.659741 0.333333 0.222222 0.0 0.9538 0.3004 
-0.593765 1.999995 -0.725715 0.45 0.227778 -0.3004 0.9538 0.0 
-0.593765 1.999995 -1.913246 0.45 0.327778 -0.3004 0.9538 0.0 
-0.593765 1.999995 -1.913246 0.45 0.327778 0.0 0.9538 -0.3004 
0.593765 1.999995 -1.913246 0.55 0.327778 0.0 0.9538 -0.3004 
0.65974 1.979213 -1.97922 0.555556 0.333333 0.0 0.9538 -0.3004 
0.593765 1.999995 -1.913246 0.55 0.327778 0.3004 0.9538 0.0 
0.593765 1.999995 -0.725715 0.55 0.227778 0.3004 0.9538 0.0 
0.65974 1.979213 -0.659741 0.555556 0.222222 0.3004 0.9538 0.0 
0.593765 1.999995 -0.725715 0.55 0.227778 0.0 0.9538 0.3004 
-0.593765 1.999995 -0.725715 0.45 0.227778 0.0 0.9538 0.3004 
-0.659739 1.979213 -0.659741 0.444445 0.222222 0.0 0.9538 0.3004 
0.65974 1.979213 -0.659741 0.555556 0.222222 -0.3005 0.9538 0.0 
0.725713 1.999995 -0.725715 0.561111 0.227778 -0.3005 0.9538 0.0 
0.725713 1.999995 -1.913246 0.561111 0.327778 -0.3005 0.9538 0.0 
0.725713 1.999995 -1.913246 0.561111 0.327778 0.0 0.9538 -0.3004 
1.913246 1.999995 -1.913246 0.661111 0.327778 0.0 0.9538 -0.3004 
1.979219 1.979213 -1.97922 0.666667 0.333333 0.0 0.9538 -0.3004 
1.913246 1.999995 -1.913246 0.661111 0.327778 0.3005 0.9538 0.0 
1.913246 1.999995 -0.725715 0.661111 0.227778 0.3005 0.9538 0.0 
1.979219 1.979213 -0.659741 0.666667 0.222222 0.3005 0.9538 0.0 
1.913246 1.999995 -0.725715 0.661111 0.227778 0.0 0.9538 0.3004 
0.725713 1.999995 -0.725715 0.561111 0.227778 0.0 0.9538 0.3004 
0.65974 1.979213 -0.659741 0.555556 0.222222 0.0 0.9538 0.3004 
-1.979217 -1.979222 -1.97922 0.666667 0.666667 -0.3005 -0.9538 -0.0 
-1.913244 -2.000005 -1.913246 0.661111 0.661111 -0.3005 -0.9538 -0.0 
-1.913244 -2.000005 -0.725715 0.661111 0.561111 -0.3005 -0.9538 -0.0 
-1.913244 -2.000005 -0.725715 0.661111 0.561111 0.0 -0.9538 0.3004 
-0.725713 -2.000005 -0.725715 0.561111 0.561111 0.0 -0.9538 0.3004 
-0.659739 -1.979223 -0.659741 0.555556 0.555555 0.0 -0.9538 0.3004 
-0.725713 -2.000005 -0.725715 0.561111 0.561111 0.3004 -0.9538 -0.0 
-0.725713 -2.000005 -1.913246 0.561111 0.661111 0.3005 -0.9538 0.0 
-0.659739 -1.979222 -1.97922 0.555556 0.666667 0.3005 -0.9538 0.0 
-0.725713 -2.000005 -1.913246 0.561111 0.661111 0.0 -0.9538 -0.3005 
-1.913244 -2.000005 -1.913246 0.661111 0.661111 0.0 -0.9538 -0.3005 
-1.979217 -1.979222 -1.97922 0.666667 0.666667 0.0 -0.9538 -0.3005 
-0.593765 -2.000005 -1.913246 0.55 0.661111 -0.3005 -0.9538 -0.0 
-0.593765 -2.000005 -0.725715 0.55 0.561111 -0.3004 -0.9538 0.0 
-0.659739 -1.979223 -0.659741 0.555556 0.555555 -0.3004 -0.9538 0.0 
-0.593765 -2.000005 -0.725715 0.55 0.561111 0.0 -0.9538 0.3004 
0.593765 -2.000005 -0.725715 0.45 0.561111 0.0 -0.9538 0.3004 
0.65974 -1.979223 -0.659741 0.444445 0.555556 0.0 -0.9538 0.3004 
0.593765 -2.000005 -0.725715 0.45 0.561111 0.3004 -0.9538 -0.0 
0.593765 -2.000005 -1.913246 0.45 0.661111 0.3005 -0.9538 0.0 
0.65974 -1.979222 -1.97922 0.444445 0.666667 0.3005 -0.9538 0.0 
0.593765 -2.000005 -1.913246 0.45 0.661111 0.0 -0.9538 -0.3005 
-0.593765 -2.000005 -1.913246 0.55 0.661111 0.0 -0.9538 -0.3005 
-0.659739 -1.979222 -1.97922 0.555556 0.666667 0.0 -0.9538 -0.3005 
0.65974 -1.979222 -1.97922 0.444445 0.666667 -0.3005 -0.9538 -0.0 
0.725713 -2.000005 -1.913246 0.438889 0.661111 -0.3005 -0.9538 -0.0 
0.725713 -2.000005 -0.725715 0.438889 0.561111 -0.3005 -0.9538 -0.0 
0.725713 -2.000005 -0.725715 0.438889 0.561111 0.0 -0.9538 0.3004 
1.913246 -2.000005 -0.725715 0.338889 0.561111 0.0 -0.9538 0.3004 
1.979219 -1.979223 -0.659741 0.333333 0.555556 0.0 -0.9538 0.3004 
1.913246 -2.000005 -0.725715 0.338889 0.561111 0.3005 -0.9538 0.0 
1.913246 -2.000005 -1.913246 0.338889 0.661111 0.3005 -0.9538 0.0 
1.979219 -1.979222 -1.97922 0.333333 0.666667 0.3005 -0.9538 0.0 
1.913246 -2.000005 -1.913246 0.338889 0.661111 0.0 -0.9538 -0.3005 
0.725713 -2.000005 -1.913246 0.438889 0.661111 0.0 -0.9538 -0.3005 
0.65974 -1.979222 -1.97922 0.444445 0.666667 0.0 -0.9538 -0.3005 
-1.913244 -2.000005 -0.593767 0.661111 0.55 -0.3005 -0.9538 -0.0 
-1.913244 -2.000005 0.593763 0.661111 0.45 -0.3005 -0.9538 -0.0 
-1.979217 -1.979223 0.659738 0.666667 0.444444 -0.3005 -0.9538 -0.0 
-1.913244 -2.000005 0.593763 0.661111 0.45 0.0 -0.9538 0.3004 
-0.725713 -2.000005 0.593763 0.561111 0.45 0.0 -0.9538 0.3004 
-0.659739 -1.979223 0.659738 0.555556 0.444444 0.0 -0.9538 0.3004 
-0.659739 -1.979223 0.659738 0.555556 0.444444 0.3004 -0.9538 -0.0 
-0.725713 -2.000005 0.593763 0.561111 0.45 0.3004 -0.9538 -0.0 
-0.725713 -2.000005 -0.593767 0.561111 0.55 0.3004 -0.9538 -0.0 
-0.725713 -2.000005 -0.593767 0.561111 0.55 0.0 -0.9538 -0.3004 
-1.913244 -2.000005 -0.593767 0.661111 0.55 0.0 -0.9538 -0.3004 
-1.979217 -1.979223 -0.659741 0.666667 0.555555 0.0 -0.9538 -0.3004 
-0.593765 -2.000005 -0.593767 0.55 0.55 -0.3004 -0.9538 0.0 
-0.593765 -2.000005 0.593763 0.55 0.45 -0.3004 -0.9538 0.0 
-0.659739 -1.979223 0.659738 0.555556 0.444444 -0.3004 -0.9538 0.0 
-0.593765 -2.000005 0.593763 0.55 0.45 0.0 -0.9538 0.3004 
0.593765 -2.000005 0.593763 0.45 0.45 0.0 -0.9538 0.3004 
0.65974 -1.979223 0.659738 0.444445 0.444444 0.0 -0.9538 0.3004 
0.593765 -2.000005 0.593763 0.45 0.45 0.3004 -0.9538 -0.0 
0.593765 -2.000005 -0.593767 0.45 0.55 0.3004 -0.9538 -0.0 
0.65974 -1.979223 -0.659741 0.444445 0.555556 0.3004 -0.9538 -0.0 
0.593765 -2.000005 -0.593767 0.45 0.55 0.0 -0.9538 -0.3004 
-0.593765 -2.000005 -0.593767 0.55 0.55 0.0 -0.9538 -0.3004 
-0.659739 -1.979223 -0.659741 0.555556 0.555555 0.0 -0.9538 -0.3004 
0.725713 -2.000005 -0.593767 0.438889 0.55 -0.3005 -0.9538 -0.0 
0.725713 -2.000005 0.593763 0.438889 0.45 -0.3005 -0.9538 -0.0 
0.65974 -1.979223 0.659738 0.444445 0.444444 -0.3005 -0.9538 -0.0 
0.725713 -2.000005 0.593763 0.438889 0.45 0.0 -0.9538 0.3004 
1.913246 -2.000005 0.593763 0.338889 0.45 0.0 -0.9538 0.3004 
1.979219 -1.979223 0.659738 0.333333 0.444444 0.0 -0.9538 0.3004 
1.979219 -1.979223 0.659738 0.333333 0.444444 0.3005 -0.9538 0.0 
1.913246 -2.000005 0.593763 0.338889 0.45 0.3005 -0.9538 0.0 
1.913246 -2.000005 -0.593767 0.338889 0.55 0.3005 -0.9538 0.0 
1.913246 -2.000005 -0.593767 0.338889 0.55 0.0 -0.9538 -0.3004 
0.725713 -2.000005 -0.593767 0.438889 0.55 0.0 -0.9538 -0.3004 
0.65974 -1.979223 -0.659741 0.444445 0.555556 0.0 -0.9538 -0.3004 
-1.913244 -2.000005 0.725711 0.661111 0.438889 -0.3005 -0.9538 -0.0 
-1.913244 -2.000005 1.913242 0.661111 0.338889 -0.3005 -0.9538 -0.0 
-1.979217 -1.979223 1.979216 0.666667 0.333333 -0.3005 -0.9538 -0.0 
-1.913244 -2.000005 1.913242 0.661111 0.338889 0.0 -0.9538 0.3004 
-0.725713 -2.000005 1.913242 0.561111 0.338889 0.0 -0.9538 0.3004 
-0.659739 -1.979223 1.979216 0.555556 0.333333 0.0 -0.9538 0.3004 
-0.725713 -2.000005 1.913242 0.561111 0.338889 0.3004 -0.9538 -0.0 
-0.725713 -2.000005 0.725711 0.561111 0.438889 0.3004 -0.9538 -0.0 
-0.725713 -2.000005 0.725711 0.561111 0.438889 0.0 -0.9538 -0.3005 
-1.913244 -2.000005 0.725711 0.661111 0.438889 0.0 -0.9538 -0.3005 
-1.979217 -1.979223 0.659738 0.666667 0.444444 0.0 -0.9538 -0.3005 
-0.593765 -2.000005 0.725711 0.55 0.438889 -0.3004 -0.9538 0.0 
-0.593765 -2.000005 1.913242 0.55 0.338889 -0.3004 -0.9538 0.0 
-0.659739 -1.979223 1.979216 0.555556 0.333333 -0.3004 -0.9538 0.0 
-0.593765 -2.000005 1.913242 0.55 0.338889 0.0 -0.9538 0.3004 
0.593765 -2.000005 1.913242 0.45 0.338889 0.0 -0.9538 0.3004 
0.65974 -1.979223 1.979216 0.444445 0.333333 0.0 -0.9538 0.3004 
0.593765 -2.000005 1.913242 0.45 0.338889 0.3004 -0.9538 -0.0 
0.593765 -2.000005 0.725711 0.45 0.438889 0.3004 -0.9538 -0.0 
0.65974 -1.979223 0.659738 0.444445 0.444444 0.3004 -0.9538 -0.0 
0.593765 -2.000005 0.725711 0.45 0.438889 0.0 -0.9538 -0.3005 
-0.593765 -2.000005 0.725711 0.55 0.438889 0.0 -0.9538 -0.3005 
-0.659739 -1.979223 0.659738 0.555556 0.444444 0.0 -0.9538 -0.3005 
0.725713 -2.000005 0.725711 0.438889 0.438889 -0.3005 -0.9538 -0.0 
0.725713 -2.000005 1.913242 0.438889 0.338889 -0.3005 -0.9538 -0.0 
0.65974 -1.979223 1.979216 0.444445 0.333333 -0.3005 -0.9538 -0.0 
0.725713 -2.000005 1.913242 0.438889 0.338889 0.0 -0.9538 0.3004 
1.913246 -2.000005 1.913242 0.338889 0.338889 0.0 -0.9538 0.3004 
1.979219 -1.979223 1.979216 0.333333 0.333333 0.0 -0.9538 0.3004 
1.913246 -2.000005 1.913242 0.338889 0.338889 0.3005 -0.9538 0.0 
1.913246 -2.000005 0.725711 0.338889 0.438889 0.3005 -0.9538 0.0 
1.913246 -2.000005 0.725711 0.338889 0.438889 0.0 -0.9538 -0.3005 
0.725713 -2.000005 0.725711 0.438889 0.438889 0.0 -0.9538 -0.3005 
0.65974 -1.979223 0.659738 0.444445 0.444444 0.0 -0.9538 -0.3005 
-0.725713 -1.913249 1.999997 0.994444 0.105556 0.0 -0.0 1.0 
0.593765 -1.913249 1.999997 0.994444 0.216667 0.0 -0.0 1.0 
1.913246 -1.913249 1.999997 0.994444 0.327778 0.0 -0.0 1.0 
-0.725713 -0.59377 1.999998 0.883333 0.105556 0.0 -0.0 1.0 
0.593765 -0.59377 1.999998 0.883333 0.216667 0.0 -0.0 1.0 
1.913246 -0.59377 1.999998 0.883333 0.327778 0.0 -0.0 1.0 
-0.725713 0.725709 1.999998 0.772222 0.105556 0.0 -0.0 1.0 
0.593765 0.725709 1.999998 0.772222 0.216667 0.0 -0.0 1.0 
1.913246 0.725709 1.999998 0.772222 0.327778 0.0 -0.0 1.0 
2.000001 -1.913249 0.725711 0.327778 0.105556 1.0 0.0 0.0 
2.000001 -1.913249 -0.593767 0.327778 0.216667 1.0 0.0 0.0 
2.000001 -1.913249 -1.913246 0.327778 0.327778 1.0 0.0 0.0 
2.000001 -0.59377 0.725712 0.216667 0.105556 1.0 0.0 0.0 
2.000001 -0.59377 -0.593767 0.216667 0.216667 1.0 0.0 0.0 
2.000001 -0.59377 -1.913246 0.216667 0.327778 1.0 0.0 0.0 
2.000001 0.725709 1.913242 0.105556 0.005556 1.0 0.0 0.0 
2.000001 0.725709 -0.593767 0.105556 0.216667 1.0 0.0 0.0 
2.000001 0.725709 -1.913246 0.105556 0.327778 1.0 0.0 0.0 
0.725713 -1.913249 -2.000002 0.327778 0.772222 0.0 0.0 -1.0 
-0.593765 -1.913249 -2.000002 0.327778 0.883333 0.0 0.0 -1.0 
-1.913244 -1.913249 -2.000002 0.327778 0.994444 0.0 0.0 -1.0 
0.725713 -0.593769 -2.000002 0.216667 0.772222 0.0 0.0 -1.0 
-0.593765 -0.593769 -2.000002 0.216667 0.883333 0.0 0.0 -1.0 
-1.913244 -0.593769 -2.000002 0.216667 0.994444 0.0 0.0 -1.0 
0.725713 0.725709 -2.000002 0.105555 0.772222 0.0 0.0 -1.0 
-0.593765 0.725709 -2.000002 0.105555 0.883333 0.0 0.0 -1.0 
-1.913244 0.725709 -2.000002 0.105555 0.994444 0.0 0.0 -1.0 
-2.0 -1.913249 -1.913246 0.327778 0.338889 -1.0 0.0 0.0 
-2.0 -1.913249 0.593763 0.327778 0.55 -1.0 0.0 0.0 
-2.0 -1.913249 0.725711 0.327778 0.561111 -1.0 0.0 0.0 
-2.0 -0.59377 -0.725715 0.216667 0.438889 -1.0 0.0 0.0 
-2.0 -0.59377 0.593764 0.216667 0.55 -1.0 0.0 0.0 
-2.0 -0.59377 1.913242 0.216667 0.661111 -1.0 0.0 0.0 
-2.0 0.725709 -0.725715 0.105556 0.438889 -1.0 0.0 0.0 
-2.0 0.725709 -0.593767 0.105556 0.45 -1.0 0.0 0.0 
-2.0 0.725709 1.913242 0.105556 0.661111 -1.0 0.0 0.0 
-0.725713 1.999995 1.913242 0.438889 0.005556 0.0 1.0 0.0 
0.593765 1.999995 1.913242 0.55 0.005556 0.0 1.0 0.0 
1.913246 1.999995 1.913242 0.661111 0.005556 0.0 1.0 0.0 
-0.725713 1.999995 0.593764 0.438889 0.116667 0.0 1.0 0.0 
0.593765 1.999995 0.593764 0.55 0.116667 0.0 1.0 0.0 
1.913246 1.999995 0.593764 0.661111 0.116667 0.0 1.0 0.0 
-0.725713 1.999995 -0.725715 0.438889 0.227778 0.0 1.0 0.0 
0.593765 1.999995 -0.725715 0.55 0.227778 0.0 1.0 0.0 
1.913246 1.999995 -0.725715 0.661111 0.227778 0.0 1.0 0.0 
-0.725713 -2.000005 -1.913246 0.561111 0.661111 0.0 -1.0 0.0 
0.593765 -2.000005 -1.913246 0.45 0.661111 0.0 -1.0 0.0 
1.913246 -2.000005 -1.913246 0.338889 0.661111 0.0 -1.0 0.0 
-0.725713 -2.000005 -0.593767 0.561111 0.55 0.0 -1.0 0.0 
0.593765 -2.000005 -0.593767 0.45 0.55 0.0 -1.0 0.0 
1.913246 -2.000005 -0.593767 0.338889 0.55 0.0 -1.0 0.0 
-0.725713 -2.000005 0.725711 0.561111 0.438889 0.0 -1.0 0.0 
0.593765 -2.000005 0.725711 0.45 0.438889 0.0 -1.0 0.0 
1.913246 -2.000005 0.725711 0.338889 0.438889 0.0 -1.0 0.0 
-1.979217 -1.979223 1.979216 1.0 0.0 -0.3004 -0.0 0.9538 
-1.979217 -0.659744 1.979217 0.888889 0.0 0.0 0.3004 0.9538 
-0.659739 -1.979223 1.979216 1.0 0.111111 0.3004 -0.0 0.9538 
-0.659739 -1.979223 1.979216 1.0 0.111111 -0.3004 -0.0 0.9538 
0.65974 -1.979223 1.979216 1.0 0.222222 0.3004 -0.0 0.9538 
0.65974 -1.979223 1.979216 1.0 0.222222 -0.3004 -0.0 0.9538 
1.979219 -1.979223 1.979216 1.0 0.333333 0.3004 -0.0 0.9538 
1.979219 -1.979223 1.979216 1.0 0.333333 0.0 -0.3004 0.9538 
-1.979217 0.659735 1.979217 0.777778 0.0 0.0 0.3004 0.9538 
0.65974 0.659735 1.979217 0.777778 0.222222 0.3004 -0.0 0.9538 
1.979219 -0.659744 1.979217 0.888889 0.333333 0.0 -0.3004 0.9538 
-1.979217 1.979213 1.979217 0.666667 0.0 0.0 0.3004 0.9538 
-0.659739 1.979213 1.979217 0.666667 0.111111 0.3004 -0.0 0.9538 
1.979219 1.979213 1.979217 0.666667 0.333333 0.3004 -0.0 0.9538 
1.979219 0.659735 1.979217 0.777778 0.333333 0.0 -0.3004 0.9538 
1.979219 -1.979223 1.979216 0.333333 0.0 0.9538 -0.0 0.3004 
1.979219 -0.659744 1.979217 0.222222 0.0 0.9538 0.3005 0.0 
1.979219 -0.659744 0.659738 0.222222 0.111111 0.9538 0.0 -0.3005 
1.979219 -1.979223 0.659738 0.333333 0.111111 0.9538 -0.3004 -0.0 
1.979219 -1.979223 0.659738 0.333333 0.111111 0.9538 -0.0 0.3004 
1.979219 -1.979223 -0.659741 0.333333 0.222222 0.9538 0.0 -0.3004 
1.979219 -1.979223 -0.659741 0.333333 0.222222 0.9538 -0.0 0.3004 
1.979219 -1.979222 -1.97922 0.333333 0.333333 0.9538 0.0 -0.3004 
1.979219 -1.979222 -1.97922 0.333333 0.333333 0.9538 -0.3005 0.0 
1.979219 0.659735 1.979217 0.111111 0.0 0.9538 0.3005 0.0 
1.979219 0.659735 0.659738 0.111111 0.111111 0.9538 0.0 -0.3004 
1.979219 -0.659744 -1.97922 0.222222 0.333333 0.9538 0.0 -0.3004 
1.979219 -0.659744 -1.97922 0.222222 0.333333 0.9538 -0.3004 -0.0 
1.979219 1.979213 1.979217 0.0 0.0 0.9538 0.3005 0.0 
1.979219 0.659735 -0.659741 0.111111 0.222222 0.9538 -0.3004 -0.0 
1.979219 1.979213 -1.97922 0.0 0.333333 0.9538 0.3005 0.0 
1.979219 0.659735 -1.97922 0.111111 0.333333 0.9538 0.0 -0.3005 
1.979219 0.659735 -1.97922 0.111111 0.333333 0.9538 -0.3004 -0.0 
1.979219 -0.659744 -1.97922 0.222222 0.666667 0.3004 0.0 -0.9538 
1.979219 -0.659744 -1.97922 0.222222 0.666667 0.0 0.3004 -0.9538 
0.65974 -0.659744 -1.97922 0.222222 0.777778 -0.3004 0.0 -0.9538 
0.65974 -0.659744 -1.97922 0.222222 0.777778 0.3004 0.0 -0.9538 
-0.659739 -0.659744 -1.97922 0.222222 0.888889 -0.3004 0.0 -0.9538 
-0.659739 -1.979222 -1.97922 0.333333 0.888889 0.0 -0.3005 -0.9538 
-0.659739 -0.659744 -1.97922 0.222222 0.888889 0.3004 0.0 -0.9538 
-1.979217 -0.659744 -1.97922 0.222222 1.0 -0.3004 0.0 -0.9538 
-1.979217 -1.979222 -1.97922 0.333333 1.0 0.0 -0.3004 -0.9538 
1.979219 -0.659744 -1.97922 0.222222 0.666667 0.3005 0.0 -0.9538 
1.979219 0.659735 -1.97922 0.111111 0.666667 0.0 0.3004 -0.9538 
0.65974 -0.659744 -1.97922 0.222222 0.777778 -0.3005 0.0 -0.9538 
-1.979217 -0.659744 -1.97922 0.222222 1.0 -0.3005 0.0 -0.9538 
-1.979217 -0.659744 -1.97922 0.222222 1.0 0.0 -0.3004 -0.9538 
1.979219 1.979213 -1.97922 0.0 0.666667 0.0 0.3005 -0.9538 
-1.979217 1.979213 -1.97922 0.0 1.0 -0.3004 0.0 -0.9538 
-1.979217 0.659735 -1.97922 0.111111 1.0 0.0 -0.3004 -0.9538 
-1.979217 -0.659744 -1.97922 0.222222 0.333333 -0.9538 0.0 -0.3005 
-1.979217 -0.659744 -1.97922 0.222222 0.333333 -0.9538 0.3005 0.0 
-1.979217 -1.979223 -0.659741 0.333333 0.444444 -0.9538 0.0 0.3005 
-1.979217 -1.979222 -1.97922 0.333333 0.333333 -0.9538 -0.3005 -0.0 
-1.979217 -1.979223 -0.659741 0.333333 0.444444 -0.9538 0.0 -0.3005 
-1.979217 -1.979223 0.659738 0.333333 0.555556 -0.9538 0.0 -0.3005 
-1.979217 -0.659744 1.979217 0.222222 0.666667 -0.9538 0.3005 0.0 
-1.979217 -0.659744 1.979217 0.222222 0.666667 -0.9538 0.0 0.3005 
-1.979217 -1.979223 1.979216 0.333333 0.666667 -0.9538 -0.3005 -0.0 
-1.979217 0.659735 -1.97922 0.111111 0.333333 -0.9538 0.3005 0.0 
-1.979217 -0.659744 -1.97922 0.222222 0.333333 -0.9538 -0.3005 -0.0 
-1.979217 0.659735 0.659738 0.111111 0.555556 -0.9538 0.3005 0.0 
-1.979217 -0.659744 1.979217 0.222222 0.666667 -0.9538 -0.3005 -0.0 
-1.979217 1.979213 -1.97922 0.0 0.333333 -0.9538 0.3005 0.0 
-1.979217 1.979213 0.659738 0.0 0.555556 -0.9538 0.0 0.3005 
-1.979217 0.659735 1.979217 0.111111 0.666667 -0.9538 -0.3005 -0.0 
-1.979217 1.979213 1.979217 0.333333 0.0 -0.3005 0.9538 0.0 
-1.979217 1.979213 0.659738 0.333333 0.111111 0.0 0.9538 -0.3004 
-0.659739 1.979213 1.979217 0.444445 0.0 -0.3004 0.9538 0.0 
0.65974 1.979213 1.979217 0.555556 0.0 -0.3005 0.9538 0.0 
1.979219 1.979213 1.979217 0.666667 0.0 0.0 0.9538 0.3004 
-1.979217 1.979213 -0.659741 0.333333 0.222222 0.0 0.9538 -0.3004 
1.979219 1.979213 0.659738 0.666667 0.111111 0.0 0.9538 0.3004 
-1.979217 1.979213 -1.97922 0.333333 0.333333 -0.3005 0.9538 0.0 
-1.979217 1.979213 -1.97922 0.333333 0.333333 0.0 0.9538 -0.3004 
-0.659739 1.979213 -1.97922 0.444445 0.333333 0.3004 0.9538 0.0 
-0.659739 1.979213 -1.97922 0.444445 0.333333 -0.3004 0.9538 0.0 
0.65974 1.979213 -1.97922 0.555556 0.333333 0.3004 0.9538 0.0 
0.65974 1.979213 -1.97922 0.555556 0.333333 -0.3005 0.9538 0.0 
1.979219 1.979213 -1.97922 0.666667 0.333333 0.3005 0.9538 0.0 
1.979219 1.979213 -0.659741 0.666667 0.222222 0.0 0.9538 0.3004 
-1.979217 -1.979223 -0.659741 0.666667 0.555555 -0.3005 -0.9538 -0.0 
-1.979217 -1.979223 -0.659741 0.666667 0.555555 0.0 -0.9538 0.3004 
-0.659739 -1.979223 -0.659741 0.555556 0.555555 0.3004 -0.9538 -0.0 
-0.659739 -1.979222 -1.97922 0.555556 0.666667 -0.3005 -0.9538 -0.0 
0.65974 -1.979223 -0.659741 0.444445 0.555556 -0.3005 -0.9538 -0.0 
1.979219 -1.979223 -0.659741 0.333333 0.555556 0.3005 -0.9538 0.0 
1.979219 -1.979222 -1.97922 0.333333 0.666667 0.0 -0.9538 -0.3005 
-1.979217 -1.979223 0.659738 0.666667 0.444444 0.0 -0.9538 0.3004 
1.979219 -1.979223 -0.659741 0.333333 0.555556 0.0 -0.9538 -0.3004 
-1.979217 -1.979223 1.979216 0.666667 0.333333 0.0 -0.9538 0.3004 
-0.659739 -1.979223 1.979216 0.555556 0.333333 0.3004 -0.9538 -0.0 
0.65974 -1.979223 1.979216 0.444445 0.333333 0.3004 -0.9538 -0.0 
1.979219 -1.979223 1.979216 0.333333 0.333333 0.3005 -0.9538 0.0 
1.979219 -1.979223 0.659738 0.333333 0.444444 0.0 -0.9538 -0.3005 

0 1 2
3 4 5
6 7 8
9 10 11
12 13 14
15 16 17
18 19 20
21 22 23
24 25 26
27 28 29
30 31 32
33 34 35
36 37 38
39 40 41
42 43 44
45 46 47
48 49 50
51 52 53
54 55 56
57 58 59
60 61 62
63 64 65
66 67 68
69 70 71
72 73 74
75 76 77
78 79 80
81 82 83
84 85 86
87 88 89
90 91 92
93 94 95
96 97 98
99 100 101
102 103 104
105 106 107
108 109 110
111 112 113
114 115 116
117 118 119
120 121 122
123 124 125
126 127 128
129 130 131
132 133 134
135 136 137
138 139 140
141 142 143
144 145 146
147 148 149
150 151 152
153 154 155
156 157 158
159 160 161
162 163 164
165 166 167
168 169 170
171 172 173
174 175 176
177 178 179
180 181 182
183 184 185
186 187 188
189 190 191
192 193 194
195 196 197
198 199 200
201 202 203
204 205 168
206 207 208
209 210 211
212 213 214
215 216 180
217 218 219
220 221 222
223 224 225
226 227 192
228 229 230
231 232 233
234 235 236
237 238 239
240 241 242
243 244 245
246 247 248
249 250 251
252 253 254
255 256 257
258 259 260
261 262 263
264 265 266
267 268 269
270 271 272
273 274 275
276 277 278
279 280 281
282 283 284
285 286 287
288 289 290
291 292 293
294 295 296
297 298 299
300 301 302
303 304 305
306 307 308
309 310 311
312 313 314
315 316 317
318 319 320
321 322 323
324 325 326
327 328 329
330 331 332
333 334 335
336 337 338
339 340 341
342 343 344
345 346 347
348 349 350
351 352 353
354 355 356
357 358 359
360 361 362
363 364 365
356 366 367
368 369 370
371 372 373
374 375 376
377 378 379
380 381 382
383 384 385
386 387 388
389 390 391
392 393 394
395 396 397
398 399 400
401 402 403
404 405 406
407 408 409
410 411 412
413 414 415
416 417 418
419 420 421
422 423 424
425 426 427
428 429 430
431 432 433
434 435 436
437 438 439
440 441 442
443 444 445
446 447 448
449 450 451
452 453 454
455 456 457
458 459 460
461 462 463
464 465 466
467 468 469
470 471 472
473 474 475
476 477 440
478 479 480
481 482 483
484 485 486
487 488 489
490 491 492
493 494 495
496 497 498
499 500 501
502 503 490
504 505 506
498 507 508
509 510 511
512 513 514
515 516 517
518 519 520
521 522 523
524 525 526
527 528 529
520 530 531
532 533 534
535 536 524
537 538 539
540 541 542
543 544 545
546 547 548
549 550 551
552 553 554
555 556 557
558 559 560
561 562 563
564 565 566
567 568 569
570 571 572
573 574 575
576 577 578
579 580 581
582 583 584
585 586 587
588 589 590
591 592 593
594 595 596
597 598 599
600 601 602
603 604 605
606 607 608
609 610 611
612 613 614
615 616 617
618 619 620
587 621 622
623 624 625
626 627 628
629 630 631
632 633 634
635 636 637
638 639 640
641 642 643
611 644 645
646 647 648
649 650 651
652 653 654
655 656 657
658 659 660
661 662 663
664 665 666
634 667 668
669 670 671
672 673 674
675 676 677
678 679 680
681 682 683
684 685 686
687 688 689
690 691 692
693 694 695
696 697 698
699 700 701
702 703 704
705 706 707
708 709 710
711 712 713
714 715 716
717 718 719
720 721 722
723 724 725
726 727 728
729 730 731
732 733 734
735 736 737
738 739 740
741 742 743
744 745 746
747 748 749
750 751 752
753 754 755
756 757 758
759 760 761
762 763 764
765 766 767
768 769 732
770 771 772
773 774 775
776 777 778
779 780 781
782 783 784
785 786 787
788 789 790
791 792 756
793 794 795
796 0 2
797 3 5
798 6 8
799 9 11
800 12 14
801 15 17
802 18 20
803 21 23
804 24 26
805 27 29
806 30 32
807 33 35
808 36 38
809 39 41
810 42 44
811 45 47
812 48 50
813 51 53
814 54 56
815 57 59
816 60 62
817 63 65
818 66 68
819 69 71
820 72 74
821 75 77
822 78 80
823 81 83
824 84 86
825 87 89
826 90 92
827 93 95
828 96 98
829 99 101
830 102 104
831 105 107
832 108 110
833 111 113
834 114 116
835 117 119
836 120 122
837 123 125
838 126 128
839 129 131
840 132 134
841 135 137
842 138 140
843 141 143
844 144 146
845 147 149
846 150 152
847 153 155
848 156 158
849 159 161
850 162 164
851 165 167
852 168 170
185 171 173
853 174 176
167 177 179
854 180 182
197 183 185
855 186 188
179 189 191
856 192 194
857 195 197
164 198 200
858 201 203
239 204 168
219 206 208
176 209 211
203 212 214
859 215 180
230 217 219
188 220 222
214 223 225
263 226 192
860 228 230
200 231 233
861 234 236
862 237 239
254 240 242
211 243 245
236 246 248
859 249 251
266 252 254
222 255 257
248 258 260
863 261 263
864 264 266
865 267 269
866 270 272
867 273 275
868 276 278
869 279 281
272 282 284
870 285 287
302 288 290
871 291 293
284 294 296
872 297 299
873 300 302
269 303 305
874 306 308
875 309 311
326 312 314
281 315 317
308 318 320
285 321 323
338 324 326
293 327 329
320 330 332
876 333 335
877 336 338
305 339 341
878 342 344
875 345 347
362 348 350
317 351 353
344 354 356
321 357 359
879 360 362
329 363 365
880 356 367
881 368 370
882 371 373
883 374 376
884 377 379
885 380 382
397 383 385
886 386 388
379 389 391
887 392 394
888 395 397
889 398 400
391 401 403
890 404 406
891 407 409
892 410 412
893 413 415
894 416 418
433 419 421
886 422 424
415 425 427
887 428 430
445 431 433
889 434 436
427 437 439
895 440 442
896 443 445
412 446 448
897 449 451
416 452 454
469 455 457
424 458 460
451 461 463
428 464 466
480 467 469
436 470 472
463 473 475
898 476 440
899 478 480
900 481 483
901 484 486
902 487 489
903 490 492
904 493 495
486 496 498
534 499 501
514 502 490
905 504 506
906 498 508
907 509 511
908 512 514
900 515 517
909 518 520
487 521 523
910 524 526
495 527 529
911 520 531
569 532 534
548 535 524
506 537 539
911 540 542
907 543 545
912 546 548
517 549 551
913 552 554
521 555 557
572 558 560
529 561 563
554 564 566
914 567 569
584 570 572
539 573 575
566 576 578
543 579 581
915 582 584
916 585 587
917 588 590
628 591 593
608 594 596
918 597 599
590 600 602
640 603 605
620 606 608
919 609 611
602 612 614
651 615 617
920 618 620
655 587 622
921 623 625
663 626 628
643 629 631
599 632 634
625 635 637
674 638 640
654 641 643
678 611 645
637 646 648
686 649 651
922 652 654
923 655 657
924 658 660
925 661 663
677 664 666
926 634 668
660 669 671
927 672 674
689 675 677
928 678 680
671 681 683
929 684 686
930 687 689
931 690 692
932 693 695
933 696 698
713 699 701
934 702 704
695 705 707
746 708 710
725 711 713
935 714 716
707 717 719
936 720 722
937 723 725
931 726 728
938 729 731
933 732 734
749 735 737
704 738 740
731 741 743
781 744 746
761 747 749
935 750 752
743 753 755
936 756 758
939 759 761
728 762 764
940 765 767
941 768 732
784 770 772
740 773 775
767 776 778
942 779 781
795 782 784
752 785 787
778 788 790
943 791 756
944 793 795
