192 124

0.0 0.15 -1.0 0.792414 0.183988 0.098 0.0 -0.9952 
0.19509 0.15 -0.980785 0.792414 0.232288 0.098 0.0 -0.9952 
0.19509 -0.15 -0.980785 0.688621 0.232288 0.098 0.0 -0.9952 
0.19509 0.15 -0.980785 0.792414 0.232288 0.2903 0.0 -0.9569 
0.382683 0.15 -0.92388 0.792414 0.277785 0.2903 0.0 -0.9569 
0.382683 -0.15 -0.92388 0.688621 0.277785 0.2903 0.0 -0.9569 
0.382683 0.15 -0.92388 0.792414 0.277785 0.4714 0.0 -0.8819 
0.55557 0.15 -0.83147 0.792414 0.318731 0.4714 0.0 -0.8819 
0.55557 -0.15 -0.83147 0.688621 0.318731 0.4714 0.0 -0.8819 
0.55557 0.15 -0.83147 0.792414 0.318731 0.6344 0.0 -0.773 
0.707107 0.15 -0.707107 0.792414 0.353553 0.6344 0.0 -0.773 
0.707107 -0.15 -0.707107 0.688621 0.353553 0.6344 0.0 -0.773 
0.707107 0.15 -0.707107 1.0 0.0 0.773 0.0 -0.6344 
0.83147 0.15 -0.55557 1.0 0.034822 0.773 0.0 -0.6344 
0.83147 -0.15 -0.55557 0.896207 0.034822 0.773 0.0 -0.6344 
0.83147 0.15 -0.55557 1.0 0.034822 0.8819 0.0 -0.4714 
0.92388 0.15 -0.382683 1.0 0.075768 0.8819 0.0 -0.4714 
0.92388 -0.15 -0.382683 0.896207 0.075768 0.8819 0.0 -0.4714 
0.92388 0.15 -0.382683 1.0 0.075768 0.9569 0.0 -0.2903 
0.980785 0.15 -0.19509 1.0 0.121266 0.9569 0.0 -0.2903 
0.980785 -0.15 -0.19509 0.896207 0.121266 0.9569 0.0 -0.2903 
0.980785 -0.15 -0.19509 0.896207 0.121266 0.9952 0.0 -0.098 
0.980785 0.15 -0.19509 1.0 0.121266 0.9952 0.0 -0.098 
1.0 0.15 0.0 1.0 0.169565 0.9952 0.0 -0.098 
1.0 0.15 0.0 1.0 0.169565 0.9952 0.0 0.098 
0.980785 0.15 0.19509 1.0 0.21881 0.9952 0.0 0.098 
0.980785 -0.15 0.19509 0.896207 0.21881 0.9952 0.0 0.098 
0.980785 0.15 0.19509 1.0 0.21881 0.9569 0.0 0.2903 
0.92388 0.15 0.382683 1.0 0.26711 0.9569 0.0 0.2903 
0.92388 -0.15 0.382683 0.896207 0.26711 0.9569 0.0 0.2903 
0.92388 0.15 0.382683 1.0 0.26711 0.8819 0.0 0.4714 
0.83147 0.15 0.55557 1.0 0.312607 0.8819 0.0 0.4714 
0.83147 -0.15 0.55557 0.896207 0.312607 0.8819 0.0 0.4714 
0.83147 0.15 0.55557 1.0 0.312607 0.773 0.0 0.6344 
0.707107 0.15 0.707107 1.0 0.353553 0.773 0.0 0.6344 
0.707107 -0.15 0.707107 0.896207 0.353553 0.773 0.0 0.6344 
0.707107 0.15 0.707107 0.792414 0.353553 0.6344 0.0 0.773 
0.55557 0.15 0.83147 0.792414 0.388375 0.6344 0.0 0.773 
0.55557 -0.15 0.83147 0.688621 0.388375 0.6344 0.0 0.773 
0.55557 0.15 0.83147 0.792414 0.388375 0.4714 0.0 0.8819 
0.382683 0.15 0.92388 0.792414 0.429322 0.4714 0.0 0.8819 
0.382683 -0.15 0.92388 0.688621 0.429322 0.4714 0.0 0.8819 
0.382683 0.15 0.92388 0.792414 0.429322 0.2903 0.0 0.9569 
0.19509 0.15 0.980785 0.792414 0.474819 0.2903 0.0 0.9569 
0.19509 -0.15 0.980785 0.688621 0.474819 0.2903 0.0 0.9569 
0.19509 0.15 0.980785 0.792414 0.474819 0.098 0.0 0.9952 
0.0 0.15 1.0 0.792414 0.523118 0.098 0.0 0.9952 
0.0 -0.15 1.0 0.688621 0.523118 0.098 0.0 0.9952 
0.0 0.15 1.0 0.792414 0.523118 -0.098 0.0 0.9952 
-0.195091 0.15 0.980785 0.792414 0.572364 -0.098 0.0 0.9952 
-0.195091 -0.15 0.980785 0.688621 0.572364 -0.098 0.0 0.9952 
-0.195091 0.15 0.980785 0.792414 0.572364 -0.2903 0.0 0.9569 
-0.382684 0.15 0.923879 0.792414 0.620663 -0.2903 0.0 0.9569 
-0.382684 -0.15 0.923879 0.688621 0.620663 -0.2903 0.0 0.9569 
-0.382684 -0.15 0.923879 0.688621 0.620663 -0.4714 0.0 0.8819 
-0.382684 0.15 0.923879 0.792414 0.620663 -0.4714 0.0 0.8819 
-0.555571 0.15 0.831469 0.792414 0.666161 -0.4714 0.0 0.8819 
-0.555571 0.15 0.831469 0.792414 0.666161 -0.6344 0.0 0.773 
-0.707107 0.15 0.707106 0.792414 0.707107 -0.6344 0.0 0.773 
-0.707107 -0.15 0.707106 0.688621 0.707107 -0.6344 0.0 0.773 
-0.707107 0.15 0.707106 0.896207 0.0 -0.773 0.0 0.6344 
-0.83147 0.15 0.55557 0.896207 0.040946 -0.773 0.0 0.6344 
-0.83147 -0.15 0.55557 0.792414 0.040946 -0.773 0.0 0.6344 
-0.83147 0.15 0.55557 0.896207 0.040946 -0.8819 0.0 0.4714 
-0.92388 0.15 0.382683 0.896207 0.086443 -0.8819 0.0 0.4714 
-0.92388 -0.15 0.382683 0.792414 0.086443 -0.8819 0.0 0.4714 
-0.92388 0.15 0.382683 0.896207 0.086443 -0.9569 0.0 0.2903 
-0.980785 0.15 0.195089 0.896207 0.134743 -0.9569 0.0 0.2903 
-0.980785 -0.15 0.195089 0.792414 0.134743 -0.9569 0.0 0.2903 
-0.980785 0.15 0.195089 0.896207 0.134743 -0.9952 0.0 0.098 
-1.0 0.15 -1e-06 0.896207 0.183989 -0.9952 0.0 0.098 
-1.0 -0.15 -1e-06 0.792414 0.183988 -0.9952 0.0 0.098 
-1.0 0.15 -1e-06 0.896207 0.183989 -0.9952 0.0 -0.098 
-0.980785 0.15 -0.195091 0.896207 0.232288 -0.9952 0.0 -0.098 
-0.980785 -0.15 -0.195091 0.792414 0.232288 -0.9952 0.0 -0.098 
-0.980785 0.15 -0.195091 0.896207 0.232288 -0.9569 0.0 -0.2903 
-0.923879 0.15 -0.382684 0.896207 0.277785 -0.9569 0.0 -0.2903 
-0.923879 -0.15 -0.382684 0.792414 0.277785 -0.9569 0.0 -0.2903 
-0.923879 0.15 -0.382684 0.896207 0.277785 -0.8819 0.0 -0.4714 
-0.831469 0.15 -0.555571 0.896207 0.318731 -0.8819 0.0 -0.4714 
-0.831469 -0.15 -0.555571 0.792414 0.318731 -0.8819 0.0 -0.4714 
-0.831469 0.15 -0.555571 0.896207 0.318731 -0.773 0.0 -0.6344 
-0.707106 0.15 -0.707108 0.896207 0.353553 -0.773 0.0 -0.6344 
-0.707106 -0.15 -0.707108 0.792414 0.353553 -0.773 0.0 -0.6344 
-0.707106 0.15 -0.707108 0.792414 0.0 -0.6344 0.0 -0.773 
-0.555569 0.15 -0.83147 0.792414 0.040946 -0.6344 0.0 -0.773 
-0.555569 -0.15 -0.83147 0.688621 0.040946 -0.6344 0.0 -0.773 
-0.555569 0.15 -0.83147 0.792414 0.040946 -0.4714 0.0 -0.8819 
-0.382682 0.15 -0.92388 0.792414 0.086443 -0.4714 0.0 -0.8819 
-0.382682 -0.15 -0.92388 0.688621 0.086444 -0.4714 0.0 -0.8819 
-0.195089 0.15 -0.980786 0.792414 0.134743 -0.098 0.0 -0.9952 
0.0 0.15 -1.0 0.792414 0.183988 -0.098 0.0 -0.9952 
0.0 -0.15 -1.0 0.688621 0.183988 -0.098 0.0 -0.9952 
-0.382682 0.15 -0.92388 0.792414 0.086443 -0.2903 0.0 -0.9569 
-0.195089 0.15 -0.980786 0.792414 0.134743 -0.2903 0.0 -0.9569 
-0.195089 -0.15 -0.980786 0.688621 0.134743 -0.2903 0.0 -0.9569 
0.0 -0.15 -1.0 0.688621 0.183988 0.098 0.0 -0.9952 
0.19509 -0.15 -0.980785 0.688621 0.232288 0.2903 0.0 -0.9569 
0.382683 -0.15 -0.92388 0.688621 0.277785 0.4714 0.0 -0.8819 
0.55557 -0.15 -0.83147 0.688621 0.318731 0.6344 0.0 -0.773 
0.707107 -0.15 -0.707107 0.896207 0.0 0.773 0.0 -0.6344 
0.83147 -0.15 -0.55557 0.896207 0.034822 0.8819 0.0 -0.4714 
0.92388 -0.15 -0.382683 0.896207 0.075768 0.9569 0.0 -0.2903 
1.0 -0.15 -0.0 0.896207 0.169565 0.9952 0.0 -0.098 
1.0 -0.15 -0.0 0.896207 0.169565 0.9952 0.0 0.098 
0.980785 -0.15 0.19509 0.896207 0.21881 0.9569 0.0 0.2903 
0.92388 -0.15 0.382683 0.896207 0.26711 0.8819 0.0 0.4714 
0.83147 -0.15 0.55557 0.896207 0.312607 0.773 0.0 0.6344 
0.707107 -0.15 0.707107 0.688621 0.353553 0.6344 0.0 0.773 
0.55557 -0.15 0.83147 0.688621 0.388375 0.4714 0.0 0.8819 
0.382683 -0.15 0.92388 0.688621 0.429322 0.2903 0.0 0.9569 
0.19509 -0.15 0.980785 0.688621 0.474819 0.098 0.0 0.9952 
0.0 -0.15 1.0 0.688621 0.523118 -0.098 0.0 0.9952 
-0.195091 -0.15 0.980785 0.688621 0.572364 -0.2903 0.0 0.9569 
-0.555571 -0.15 0.831469 0.688621 0.666161 -0.4714 0.0 0.8819 
-0.555571 -0.15 0.831469 0.688621 0.666161 -0.6344 0.0 0.773 
-0.707107 -0.15 0.707106 0.792414 0.0 -0.773 0.0 0.6344 
-0.83147 -0.15 0.55557 0.792414 0.040946 -0.8819 0.0 0.4714 
-0.92388 -0.15 0.382683 0.792414 0.086443 -0.9569 0.0 0.2903 
-0.980785 -0.15 0.195089 0.792414 0.134743 -0.9952 0.0 0.098 
-1.0 -0.15 -1e-06 0.792414 0.183988 -0.9952 0.0 -0.098 
-0.980785 -0.15 -0.195091 0.792414 0.232288 -0.9569 0.0 -0.2903 
-0.923879 -0.15 -0.382684 0.792414 0.277785 -0.8819 0.0 -0.4714 
-0.831469 -0.15 -0.555571 0.792414 0.318731 -0.773 0.0 -0.6344 
-0.707106 -0.15 -0.707108 0.688621 0.0 -0.6344 0.0 -0.773 
-0.555569 -0.15 -0.83147 0.688621 0.040946 -0.4714 0.0 -0.8819 
-0.195089 -0.15 -0.980786 0.688621 0.134743 -0.098 0.0 -0.9952 
-0.382682 -0.15 -0.92388 0.688621 0.086444 -0.2903 0.0 -0.9569 
-0.382684 0.15 0.923879 0.013232 0.822922 0.0 1.0 0.0 
0.980785 0.15 0.19509 0.3104 0.5 0.0 1.0 0.0 
0.19509 0.15 -0.980785 0.688621 0.725378 0.0 1.0 0.0 
0.19509 -0.15 0.980785 0.444743 0.490392 0.0 -1.0 -0.0 
-0.980785 -0.15 0.195089 0.013232 0.322922 0.0 -1.0 -0.0 
0.980785 -0.15 -0.19509 0.675389 0.177077 0.0 -1.0 -0.0 
0.382683 0.15 -0.92388 0.67539 0.677078 0.0 1.0 0.0 
0.0 0.15 -1.0 0.688621 0.774623 0.0 1.0 0.0 
-0.195089 0.15 -0.980786 0.675389 0.822922 0.0 1.0 0.0 
-0.382682 0.15 -0.92388 0.649435 0.868419 0.0 1.0 0.0 
-0.555569 0.15 -0.83147 0.611754 0.909366 0.0 1.0 0.0 
-0.923879 0.15 -0.382684 0.444742 0.990393 0.0 1.0 0.0 
-0.707106 0.15 -0.707108 0.563796 0.944188 0.0 1.0 0.0 
-0.831469 0.15 -0.555571 0.507402 0.971547 0.0 1.0 0.0 
-0.980785 0.15 -0.195091 0.378222 1.0 0.0 1.0 0.0 
-1.0 0.15 -1e-06 0.310399 1.0 0.0 1.0 0.0 
-0.980785 0.15 0.195089 0.243879 0.990392 0.0 1.0 0.0 
-0.92388 0.15 0.382683 0.181218 0.971547 0.0 1.0 0.0 
-0.83147 0.15 0.55557 0.124825 0.944188 0.0 1.0 0.0 
-0.707107 0.15 0.707106 0.076867 0.909365 0.0 1.0 0.0 
-0.555571 0.15 0.831469 0.039186 0.868419 0.0 1.0 0.0 
-0.195091 0.15 0.980785 0.0 0.774623 0.0 1.0 0.0 
0.0 0.15 1.0 0.0 0.725377 0.0 1.0 0.0 
0.19509 0.15 0.980785 0.013232 0.677077 0.0 1.0 0.0 
0.382683 0.15 0.92388 0.039187 0.63158 0.0 1.0 0.0 
0.55557 0.15 0.83147 0.076867 0.590634 0.0 1.0 0.0 
0.707107 0.15 0.707107 0.124826 0.555812 0.0 1.0 0.0 
0.83147 0.15 0.55557 0.181219 0.528453 0.0 1.0 0.0 
0.92388 0.15 0.382683 0.24388 0.509607 0.0 1.0 0.0 
1.0 0.15 0.0 0.378223 0.5 0.0 1.0 0.0 
0.980785 0.15 -0.19509 0.444743 0.509607 0.0 1.0 0.0 
0.92388 0.15 -0.382683 0.507403 0.528453 0.0 1.0 0.0 
0.83147 0.15 -0.55557 0.563796 0.555812 0.0 1.0 0.0 
0.707107 0.15 -0.707107 0.611754 0.590635 0.0 1.0 0.0 
0.55557 0.15 -0.83147 0.649435 0.631581 0.0 1.0 0.0 
-0.195089 -0.15 -0.980786 0.243879 0.009607 0.0 -1.0 -0.0 
0.0 -0.15 -1.0 0.310398 0.0 0.0 -1.0 -0.0 
0.19509 -0.15 -0.980785 0.378222 0.0 0.0 -1.0 -0.0 
0.382683 -0.15 -0.92388 0.444742 0.009607 0.0 -1.0 -0.0 
0.55557 -0.15 -0.83147 0.507402 0.028453 0.0 -1.0 -0.0 
0.707107 -0.15 -0.707107 0.563795 0.055812 0.0 -1.0 -0.0 
0.83147 -0.15 -0.55557 0.611754 0.090634 0.0 -1.0 -0.0 
0.92388 -0.15 -0.382683 0.649435 0.13158 0.0 -1.0 -0.0 
1.0 -0.15 -0.0 0.688621 0.225377 0.0 -1.0 -0.0 
0.980785 -0.15 0.19509 0.688621 0.274622 0.0 -1.0 -0.0 
0.92388 -0.15 0.382683 0.67539 0.322922 0.0 -1.0 -0.0 
0.83147 -0.15 0.55557 0.649435 0.368419 0.0 -1.0 -0.0 
0.707107 -0.15 0.707107 0.611754 0.409366 0.0 -1.0 -0.0 
0.55557 -0.15 0.83147 0.563796 0.444188 0.0 -1.0 -0.0 
0.382683 -0.15 0.92388 0.507403 0.471547 0.0 -1.0 -0.0 
0.0 -0.15 1.0 0.378223 0.5 0.0 -1.0 -0.0 
-0.195091 -0.15 0.980785 0.3104 0.5 0.0 -1.0 -0.0 
-0.382684 -0.15 0.923879 0.243879 0.490393 0.0 -1.0 -0.0 
-0.555571 -0.15 0.831469 0.181218 0.471547 0.0 -1.0 -0.0 
-0.707107 -0.15 0.707106 0.124826 0.444188 0.0 -1.0 -0.0 
-0.83147 -0.15 0.55557 0.076867 0.409366 0.0 -1.0 -0.0 
-0.92388 -0.15 0.382683 0.039187 0.36842 0.0 -1.0 -0.0 
-1.0 -0.15 -1e-06 0.0 0.274623 0.0 -1.0 -0.0 
-0.980785 -0.15 -0.195091 0.0 0.225377 0.0 -1.0 -0.0 
-0.923879 -0.15 -0.382684 0.013232 0.177078 0.0 -1.0 -0.0 
-0.831469 -0.15 -0.555571 0.039186 0.131581 0.0 -1.0 -0.0 
-0.707106 -0.15 -0.707108 0.076867 0.090634 0.0 -1.0 -0.0 
-0.555569 -0.15 -0.83147 0.124825 0.055812 0.0 -1.0 -0.0 
-0.382682 -0.15 -0.92388 0.181218 0.028453 0.0 -1.0 -0.0 

0 1 2
3 4 5
6 7 8
9 10 11
12 13 14
15 16 17
18 19 20
21 22 23
24 25 26
27 28 29
30 31 32
33 34 35
36 37 38
39 40 41
42 43 44
45 46 47
48 49 50
51 52 53
54 55 56
57 58 59
60 61 62
63 64 65
66 67 68
69 70 71
72 73 74
75 76 77
78 79 80
81 82 83
84 85 86
87 88 89
90 91 92
93 94 95
96 0 2
97 3 5
98 6 8
99 9 11
100 12 14
101 15 17
102 18 20
103 21 23
104 24 26
105 27 29
106 30 32
107 33 35
108 36 38
109 39 41
110 42 44
111 45 47
112 48 50
113 51 53
114 54 56
115 57 59
116 60 62
117 63 65
118 66 68
119 69 71
120 72 74
121 75 77
122 78 80
123 81 83
124 84 86
125 87 89
126 90 92
127 93 95
128 129 130
131 132 133
134 130 129
135 136 137
137 138 139
140 141 139
139 142 143
143 144 139
145 146 147
147 148 128
128 149 150
150 151 128
152 153 154
154 155 152
156 129 128
157 158 129
159 160 161
161 162 159
130 135 137
138 140 139
139 144 128
145 147 144
128 151 156
152 155 156
129 158 134
159 162 134
130 137 139
144 147 128
151 152 156
158 159 134
130 139 128
163 164 165
165 166 167
167 168 169
169 170 133
133 171 172
172 173 174
174 175 176
176 177 131
131 178 179
179 180 131
181 182 132
183 184 132
132 185 186
186 187 132
188 189 190
190 191 165
163 165 191
167 169 133
133 172 131
174 176 131
131 180 181
182 183 132
132 187 188
188 190 132
165 167 133
172 174 131
131 181 132
132 190 133
165 133 190
