600 1196

0.005872 1.800796 0.153537 0 0 0.3917 0.5769 -0.7168 
0.191836 1.800796 0.339501 0 0 0.7259 0.5748 -0.3777 
0.191836 1.650873 0.189578 0 0 0.7168 0.3917 -0.5769 
0.005872 1.836837 0.189578 0 0 0.3851 0.7227 -0.5738 
0.155795 1.836837 0.339501 0 0 0.5769 0.7168 -0.3917 
0.005872 1.930362 0.339501 0 0 0.3357 0.8773 -0.3429 
0.191836 1.836837 0.430336 0 0 0.7694 0.6194 -0.1557 
0.191836 1.848959 0.525464 0 0 0.6214 0.7819 -0.0496 
0.005872 1.966364 0.525464 0 0 0.3552 0.931 -0.0836 
0.005872 1.966364 0.711428 0 0 0.3626 0.9319 0.0 
0.191836 1.848959 0.711428 0 0 0.6243 0.7812 0.0 
0.005872 1.966364 0.897391 0 0 0.3626 0.9319 0.0 
0.191836 1.848959 0.897391 0 0 0.6243 0.7812 0.0 
0.005872 1.966364 1.083355 0 0 0.3626 0.9319 0.0 
0.191836 1.848959 1.083355 0 0 0.6243 0.7812 0.0 
0.005872 1.966364 1.269318 0 0 0.3626 0.9319 0.0 
0.191836 1.848959 1.269318 0 0 0.6243 0.7812 0.0 
0.005872 1.966364 1.455282 0 0 0.3552 0.931 0.0836 
0.191836 1.836837 1.55041 0 0 0.7011 0.6927 0.1688 
0.191836 1.848959 1.455282 0 0 0.6214 0.7819 0.0496 
0.155795 1.836837 1.641245 0 0 0.5769 0.7168 0.3917 
0.005872 1.930362 1.641245 0 0 0.3357 0.8773 0.3429 
0.005872 1.836837 1.791168 0 0 0.3777 0.7259 0.5748 
0.191836 1.800796 1.641245 0 0 0.7227 0.5738 0.3851 
0.155795 1.650873 1.827209 0 0 0.5769 0.3917 0.7168 
0.191836 1.650873 1.791168 0 0 0.7168 0.3917 0.5769 
0.191836 1.560038 1.827209 0 0 0.6973 0.1658 0.6973 
0.005872 1.650873 1.920733 0 0 0.3357 0.3429 0.8773 
0.191836 1.46491 1.839331 0 0 0.6214 0.0496 0.7819 
0.005872 1.46491 1.956736 0 0 0.3552 0.0836 0.931 
0.005872 1.278946 1.956736 0 0 0.3626 0.0 0.9319 
0.191836 1.278946 1.839331 0 0 0.6243 0.0 0.7812 
0.005872 1.092983 1.956736 0 0 0.3626 0.0 0.9319 
0.191836 1.092983 1.839331 0 0 0.6243 0.0 0.7812 
0.005872 0.907019 1.956736 0 0 0.3626 0.0 0.9319 
0.191836 0.907019 1.839331 0 0 0.6243 0.0 0.7812 
0.005872 0.721056 1.956736 0 0 0.3626 0.0 0.9319 
0.191836 0.721056 1.839331 0 0 0.6243 0.0 0.7812 
0.005872 0.535092 1.956736 0 0 0.3552 -0.0836 0.931 
0.191836 0.439964 1.827209 0 0 0.6973 -0.1658 0.6973 
0.191836 0.535092 1.839331 0 0 0.6214 -0.0496 0.7819 
0.155795 0.349129 1.827209 0 0 0.5769 -0.3917 0.7168 
0.005872 0.349129 1.920733 0 0 0.3357 -0.3429 0.8773 
0.005872 0.199206 1.827209 0 0 0.3777 -0.5748 0.7259 
0.191836 0.199206 1.641245 0 0 0.7259 -0.5748 0.3777 
0.191836 0.349129 1.791168 0 0 0.7168 -0.3917 0.5769 
0.155795 0.163165 1.641245 0 0 0.5769 -0.7168 0.3917 
0.005872 0.163165 1.791168 0 0 0.3917 -0.7168 0.5769 
0.005872 0.06964 1.641245 0 0 0.3384 -0.878 0.3384 
0.191836 0.163165 1.55041 0 0 0.7626 -0.6294 0.1494 
0.005872 0.033638 1.455282 0 0 0.3589 -0.9293 0.0868 
0.191836 0.151043 1.455282 0 0 0.6158 -0.7858 0.0568 
0.191836 0.151043 1.269318 0 0 0.6243 -0.7812 0.0 
0.191836 0.151043 1.083355 0 0 0.6243 -0.7812 0.0 
0.005872 0.033638 1.269318 0 0 0.3626 -0.9319 0.0 
0.191836 0.151043 0.897391 0 0 0.6243 -0.7812 0.0 
0.005872 0.033638 1.083355 0 0 0.3626 -0.9319 0.0 
0.191836 0.151043 0.711428 0 0 0.6243 -0.7812 0.0 
0.005872 0.033638 0.897391 0 0 0.3626 -0.9319 0.0 
0.191836 0.151043 0.525464 0 0 0.6214 -0.7819 -0.0496 
0.005872 0.033638 0.711428 0 0 0.3626 -0.9319 0.0 
0.191836 0.163165 0.430336 0 0 0.6966 -0.6966 -0.1718 
0.005872 0.033638 0.525464 0 0 0.3564 -0.9304 -0.0852 
0.005872 0.06964 0.339501 0 0 0.3428 -0.8773 -0.3357 
0.155795 0.163165 0.339501 0 0 0.5738 -0.7227 -0.3851 
0.191836 0.199206 0.339501 0 0 0.7227 -0.5738 -0.3851 
0.005872 0.163165 0.189578 0 0 0.3917 -0.7168 -0.5769 
0.155795 0.349129 0.153537 0 0 0.5769 -0.3917 -0.7168 
0.191836 0.349129 0.189578 0 0 0.7168 -0.3917 -0.5769 
0.005872 0.349129 0.060012 0 0 0.3384 -0.3384 -0.878 
0.005872 0.199206 0.153537 0 0 0.3917 -0.5769 -0.7168 
0.191836 0.439964 0.153537 0 0 0.6896 -0.1596 -0.7064 
0.005872 0.535092 0.02401 0 0 0.3589 -0.0868 -0.9293 
0.191836 0.535092 0.141415 0 0 0.6158 -0.0568 -0.7858 
0.191836 0.721056 0.141415 0 0 0.6243 0.0 -0.7812 
0.191836 0.907019 0.141415 0 0 0.6243 0.0 -0.7812 
0.005872 0.721056 0.02401 0 0 0.3626 0.0 -0.9319 
0.191836 1.092983 0.141415 0 0 0.6243 0.0 -0.7812 
0.005872 0.907019 0.02401 0 0 0.3626 0.0 -0.9319 
0.191836 1.278946 0.141415 0 0 0.6243 0.0 -0.7812 
0.005872 1.092983 0.02401 0 0 0.3626 0.0 -0.9319 
0.191836 1.46491 0.141415 0 0 0.6214 0.0496 -0.7819 
0.005872 1.278946 0.02401 0 0 0.3626 0.0 -0.9319 
0.191836 1.560038 0.153537 0 0 0.6927 0.1688 -0.7011 
0.005872 1.46491 0.02401 0 0 0.3564 0.0852 -0.9304 
0.005872 1.650873 0.060012 0 0 0.3428 0.3357 -0.8773 
0.155795 1.650873 0.153537 0 0 0.5738 0.3851 -0.7227 
0.203958 1.46491 0.153537 0 0 0.7819 0.0496 -0.6214 
0.321363 1.46491 0.339501 0 0 0.931 0.0836 -0.3552 
0.285361 1.650873 0.339501 0 0 0.8773 0.3429 -0.3357 
0.321363 1.278946 0.339501 0 0 0.9319 0.0 -0.3626 
0.203958 1.278946 0.153537 0 0 0.7812 0.0 -0.6243 
0.321363 1.092983 0.339501 0 0 0.9319 0.0 -0.3626 
0.203958 1.092983 0.153537 0 0 0.7812 0.0 -0.6243 
0.321363 0.907019 0.339501 0 0 0.9319 0.0 -0.3626 
0.203958 0.907019 0.153537 0 0 0.7812 0.0 -0.6243 
0.321363 0.721056 0.339501 0 0 0.9319 0.0 -0.3626 
0.203958 0.721056 0.153537 0 0 0.7812 0.0 -0.6243 
0.321363 0.535092 0.339501 0 0 0.931 -0.0836 -0.3552 
0.285361 0.349129 0.339501 0 0 0.8773 -0.3429 -0.3357 
0.203958 0.535092 0.153537 0 0 0.7819 -0.0496 -0.6214 
0.355 0.535092 0.525464 0 0 0.9921 -0.0885 -0.0885 
0.321363 0.349129 0.525464 0 0 0.9304 -0.3564 -0.0852 
0.355 0.535092 0.711428 0 0 0.996 -0.0893 0.0 
0.321363 0.349129 0.711428 0 0 0.9319 -0.3626 0.0 
0.355 0.721056 0.525464 0 0 0.996 0.0 -0.0893 
0.355 0.721056 0.711428 0 0 1.0 0.0 0.0 
0.355 0.907019 0.525464 0 0 0.996 0.0 -0.0893 
0.355 0.907019 0.711428 0 0 1.0 0.0 0.0 
0.355 1.092983 0.525464 0 0 0.996 0.0 -0.0893 
0.355 1.092983 0.711428 0 0 1.0 0.0 0.0 
0.355 1.278946 0.525464 0 0 0.996 0.0 -0.0893 
0.355 1.278946 0.711428 0 0 1.0 0.0 0.0 
0.355 1.46491 0.525464 0 0 0.9921 0.0885 -0.0885 
0.355 1.46491 0.711428 0 0 0.996 0.0893 0.0 
0.321363 1.650873 0.525464 0 0 0.9296 0.3584 -0.0862 
0.321363 1.650873 0.711428 0 0 0.9319 0.3626 0.0 
0.203958 1.836837 0.525464 0 0 0.7862 0.6149 -0.0618 
0.203958 1.836837 0.711428 0 0 0.7812 0.6243 0.0 
0.203958 1.836837 0.897391 0 0 0.7812 0.6243 0.0 
0.321363 1.650873 0.897391 0 0 0.9319 0.3626 0.0 
0.203958 1.836837 1.083355 0 0 0.7812 0.6243 0.0 
0.321363 1.650873 1.083355 0 0 0.9319 0.3626 0.0 
0.355 1.46491 1.083355 0 0 0.996 0.0893 0.0 
0.355 1.46491 0.897391 0 0 0.996 0.0893 0.0 
0.355 1.278946 1.083355 0 0 1.0 0.0 0.0 
0.355 1.278946 0.897391 0 0 1.0 0.0 0.0 
0.355 1.092983 1.083355 0 0 1.0 0.0 0.0 
0.355 1.092983 0.897391 0 0 1.0 0.0 0.0 
0.355 0.907019 1.083355 0 0 1.0 0.0 0.0 
0.355 0.907019 0.897391 0 0 1.0 0.0 0.0 
0.355 0.721056 1.083355 0 0 1.0 0.0 0.0 
0.355 0.721056 0.897391 0 0 1.0 0.0 0.0 
0.355 0.535092 1.083355 0 0 0.996 -0.0893 0.0 
0.355 0.535092 0.897391 0 0 0.996 -0.0893 0.0 
0.321363 0.349129 1.083355 0 0 0.9319 -0.3626 0.0 
0.321363 0.349129 0.897391 0 0 0.9319 -0.3626 0.0 
0.203958 0.163165 1.083355 0 0 0.7812 -0.6243 0.0 
0.321363 0.349129 1.269318 0 0 0.9319 -0.3626 0.0 
0.203958 0.163165 1.269318 0 0 0.7812 -0.6243 0.0 
0.321363 0.349129 1.455282 0 0 0.9296 -0.3584 0.0862 
0.203958 0.163165 1.455282 0 0 0.7862 -0.6149 0.0618 
0.355 0.535092 1.269318 0 0 0.996 -0.0893 0.0 
0.355 0.535092 1.455282 0 0 0.9921 -0.0885 0.0885 
0.355 0.721056 1.269318 0 0 1.0 0.0 0.0 
0.355 0.721056 1.455282 0 0 0.996 0.0 0.0893 
0.355 0.907019 1.269318 0 0 1.0 0.0 0.0 
0.355 0.907019 1.455282 0 0 0.996 0.0 0.0893 
0.355 1.092983 1.269318 0 0 1.0 0.0 0.0 
0.355 1.092983 1.455282 0 0 0.996 0.0 0.0893 
0.355 1.278946 1.269318 0 0 1.0 0.0 0.0 
0.355 1.278946 1.455282 0 0 0.996 0.0 0.0893 
0.355 1.46491 1.269318 0 0 0.996 0.0893 0.0 
0.355 1.46491 1.455282 0 0 0.9921 0.0885 0.0885 
0.321363 1.650873 1.269318 0 0 0.9319 0.3626 0.0 
0.321363 1.650873 1.455282 0 0 0.9304 0.3564 0.0852 
0.203958 1.836837 1.269318 0 0 0.7812 0.6243 0.0 
0.203958 1.836837 1.455282 0 0 0.7819 0.6214 0.0496 
0.285361 1.650873 1.641245 0 0 0.8773 0.3429 0.3357 
0.321363 1.46491 1.641245 0 0 0.931 0.0836 0.3552 
0.321363 1.278946 1.641245 0 0 0.9319 0.0 0.3626 
0.203958 1.46491 1.827209 0 0 0.7819 0.0496 0.6214 
0.203958 1.278946 1.827209 0 0 0.7812 0.0 0.6243 
0.321363 1.092983 1.641245 0 0 0.9319 0.0 0.3626 
0.321363 0.907019 1.641245 0 0 0.9319 0.0 0.3626 
0.203958 1.092983 1.827209 0 0 0.7812 0.0 0.6243 
0.203958 0.907019 1.827209 0 0 0.7812 0.0 0.6243 
0.203958 0.721056 1.827209 0 0 0.7812 0.0 0.6243 
0.321363 0.721056 1.641245 0 0 0.9319 0.0 0.3626 
0.203958 0.535092 1.827209 0 0 0.7819 -0.0496 0.6214 
0.321363 0.535092 1.641245 0 0 0.931 -0.0836 0.3552 
0.285361 0.349129 1.641245 0 0 0.8773 -0.3429 0.3357 
0.203958 0.163165 0.711428 0 0 0.7812 -0.6243 0.0 
-0.180091 1.650873 0.02401 0 0 0.0836 0.3552 -0.931 
-0.084963 1.836837 0.153537 0 0 0.1688 0.7011 -0.6927 
-0.180091 1.836837 0.141415 0 0 0.0496 0.6214 -0.7819 
-0.180091 1.848959 0.153537 0 0 0.0496 0.7819 -0.6214 
-0.366055 1.836837 0.141415 0 0 0.0 0.6243 -0.7812 
-0.366055 1.848959 0.153537 0 0 0.0 0.7812 -0.6243 
-0.366055 1.966364 0.339501 0 0 0.0 0.9319 -0.3626 
-0.180091 1.966364 0.339501 0 0 0.0852 0.9304 -0.3564 
-0.366055 2.000001 0.525464 0 0 0.0 0.996 -0.0893 
-0.180091 2.000001 0.525464 0 0 0.0885 0.9921 -0.0885 
-0.366055 2.000001 0.711428 0 0 0.0 1.0 0.0 
-0.180091 2.000001 0.711428 0 0 0.0893 0.996 0.0 
-0.366055 2.000001 0.897391 0 0 0.0 1.0 0.0 
-0.180091 2.000001 0.897391 0 0 0.0893 0.996 0.0 
-0.366055 2.000001 1.083355 0 0 0.0 1.0 0.0 
-0.180091 2.000001 1.083355 0 0 0.0893 0.996 0.0 
-0.366055 2.000001 1.269318 0 0 0.0 1.0 0.0 
-0.180091 2.000001 1.269318 0 0 0.0893 0.996 0.0 
-0.366055 2.000001 1.455282 0 0 0.0 0.996 0.0893 
-0.180091 2.000001 1.455282 0 0 0.0885 0.9921 0.0885 
-0.366055 1.966364 1.641245 0 0 0.0 0.9319 0.3626 
-0.180091 1.966364 1.641245 0 0 0.0862 0.9296 0.3584 
-0.366055 1.848959 1.827209 0 0 0.0 0.7812 0.6243 
-0.180091 1.836837 1.839331 0 0 0.0496 0.6214 0.7819 
-0.180091 1.848959 1.827209 0 0 0.0618 0.7862 0.6149 
-0.366055 1.836837 1.839331 0 0 0.0 0.6243 0.7812 
-0.366055 1.650873 1.956736 0 0 0.0 0.3626 0.9319 
-0.180091 1.650873 1.956736 0 0 0.0852 0.3564 0.9304 
-0.366055 1.46491 1.990373 0 0 0.0 0.0893 0.996 
-0.180091 1.46491 1.990373 0 0 0.0885 0.0885 0.9921 
-0.366055 1.278946 1.990373 0 0 0.0 0.0 1.0 
-0.180091 1.278946 1.990373 0 0 0.0893 0.0 0.996 
-0.366055 1.092983 1.990373 0 0 0.0 0.0 1.0 
-0.180091 1.092983 1.990373 0 0 0.0893 0.0 0.996 
-0.366055 0.907019 1.990373 0 0 0.0 0.0 1.0 
-0.180091 0.907019 1.990373 0 0 0.0893 0.0 0.996 
-0.366055 0.721056 1.990373 0 0 0.0 0.0 1.0 
-0.180091 0.721056 1.990373 0 0 0.0893 0.0 0.996 
-0.366055 0.535092 1.990373 0 0 0.0 -0.0893 0.996 
-0.180091 0.535092 1.990373 0 0 0.0885 -0.0885 0.9921 
-0.366055 0.349129 1.956736 0 0 0.0 -0.3626 0.9319 
-0.180091 0.349129 1.956736 0 0 0.0862 -0.3584 0.9296 
-0.366055 0.163165 1.839331 0 0 0.0 -0.6243 0.7812 
-0.180091 0.163165 1.839331 0 0 0.0618 -0.6149 0.7862 
-0.366055 0.151043 1.827209 0 0 0.0 -0.7812 0.6243 
-0.180091 0.033638 1.641245 0 0 0.0868 -0.9293 0.3589 
-0.180091 0.151043 1.827209 0 0 0.0568 -0.7858 0.6159 
-0.180091 1e-06 1.455282 0 0 0.0885 -0.9921 0.0885 
-0.366055 0.033638 1.641245 0 0 0.0 -0.9319 0.3626 
-0.180091 1e-06 1.269318 0 0 0.0893 -0.996 0.0 
-0.366055 1e-06 1.455282 0 0 0.0 -0.996 0.0893 
-0.180091 1e-06 1.083355 0 0 0.0893 -0.996 0.0 
-0.366055 1e-06 1.269318 0 0 0.0 -1.0 0.0 
-0.180091 1e-06 0.897391 0 0 0.0893 -0.996 0.0 
-0.366055 1e-06 1.083355 0 0 0.0 -1.0 0.0 
-0.180091 1e-06 0.711428 0 0 0.0893 -0.996 0.0 
-0.366055 1e-06 0.897391 0 0 0.0 -1.0 0.0 
-0.180091 1e-06 0.525464 0 0 0.0885 -0.9921 -0.0885 
-0.366055 1e-06 0.711428 0 0 0.0 -1.0 0.0 
-0.180091 0.033638 0.339501 0 0 0.0836 -0.931 -0.3552 
-0.366055 1e-06 0.525464 0 0 0.0 -0.996 -0.0893 
-0.180091 0.151043 0.153537 0 0 0.0496 -0.7819 -0.6214 
-0.366055 0.033638 0.339501 0 0 0.0 -0.9319 -0.3626 
-0.180091 0.163165 0.141415 0 0 0.0568 -0.6158 -0.7858 
-0.366055 0.151043 0.153537 0 0 0.0 -0.7812 -0.6243 
-0.180091 0.349129 0.02401 0 0 0.0868 -0.3589 -0.9293 
-0.366055 0.163165 0.141415 0 0 0.0 -0.6243 -0.7812 
-0.180091 0.535092 -0.009627 0 0 0.0885 -0.0885 -0.9921 
-0.366055 0.349129 0.02401 0 0 0.0 -0.3626 -0.9319 
-0.180091 0.721056 -0.009627 0 0 0.0893 0.0 -0.996 
-0.366055 0.535092 -0.009627 0 0 0.0 -0.0893 -0.996 
-0.180091 0.907019 -0.009627 0 0 0.0893 0.0 -0.996 
-0.366055 0.721056 -0.009627 0 0 0.0 0.0 -1.0 
-0.180091 1.092983 -0.009627 0 0 0.0893 0.0 -0.996 
-0.366055 0.907019 -0.009627 0 0 0.0 0.0 -1.0 
-0.180091 1.278946 -0.009627 0 0 0.0893 0.0 -0.996 
-0.366055 1.092983 -0.009627 0 0 0.0 0.0 -1.0 
-0.180091 1.46491 -0.009627 0 0 0.0885 0.0885 -0.9921 
-0.366055 1.278946 -0.009627 0 0 0.0 0.0 -1.0 
-0.366055 1.46491 -0.009627 0 0 0.0 0.0893 -0.996 
-0.552018 1.278946 -0.009627 0 0 0.0 0.0 -1.0 
-0.366055 1.650873 0.02401 0 0 0.0 0.3626 -0.9319 
-0.552018 1.46491 -0.009627 0 0 0.0 0.0893 -0.996 
-0.552018 1.650873 0.02401 0 0 0.0 0.3626 -0.9319 
-0.552018 1.836837 0.141415 0 0 0.0 0.6243 -0.7812 
-0.737982 1.650873 0.02401 0 0 0.0 0.3626 -0.9319 
-0.737982 1.836837 0.141415 0 0 0.0 0.6243 -0.7812 
-0.737982 1.848959 0.153537 0 0 0.0 0.7812 -0.6243 
-0.552018 1.848959 0.153537 0 0 0.0 0.7812 -0.6243 
-0.737982 1.966364 0.339501 0 0 0.0 0.9319 -0.3626 
-0.552018 1.966364 0.339501 0 0 0.0 0.9319 -0.3626 
-0.737982 2.000001 0.525464 0 0 0.0 0.996 -0.0893 
-0.552018 2.000001 0.525464 0 0 0.0 0.996 -0.0893 
-0.737982 2.000001 0.711428 0 0 0.0 1.0 0.0 
-0.552018 2.000001 0.711428 0 0 0.0 1.0 0.0 
-0.737982 2.000001 0.897391 0 0 0.0 1.0 0.0 
-0.552018 2.000001 0.897391 0 0 0.0 1.0 0.0 
-0.737982 2.000001 1.083355 0 0 0.0 1.0 0.0 
-0.552018 2.000001 1.083355 0 0 0.0 1.0 0.0 
-0.737982 2.000001 1.269318 0 0 0.0 1.0 0.0 
-0.552018 2.000001 1.269318 0 0 0.0 1.0 0.0 
-0.737982 2.000001 1.455282 0 0 0.0 0.996 0.0893 
-0.552018 2.000001 1.455282 0 0 0.0 0.996 0.0893 
-0.737982 1.966364 1.641245 0 0 0.0 0.9319 0.3626 
-0.552018 1.966364 1.641245 0 0 0.0 0.9319 0.3626 
-0.737982 1.848959 1.827209 0 0 0.0 0.7812 0.6243 
-0.552018 1.836837 1.839331 0 0 0.0 0.6243 0.7812 
-0.552018 1.848959 1.827209 0 0 0.0 0.7812 0.6243 
-0.737982 1.836837 1.839331 0 0 0.0 0.6243 0.7812 
-0.737982 1.650873 1.956736 0 0 0.0 0.3626 0.9319 
-0.552018 1.650873 1.956736 0 0 0.0 0.3626 0.9319 
-0.737982 1.46491 1.990373 0 0 0.0 0.0893 0.996 
-0.552018 1.46491 1.990373 0 0 0.0 0.0893 0.996 
-0.737982 1.278946 1.990373 0 0 0.0 0.0 1.0 
-0.552018 1.278946 1.990373 0 0 0.0 0.0 1.0 
-0.737982 1.092983 1.990373 0 0 0.0 0.0 1.0 
-0.552018 1.092983 1.990373 0 0 0.0 0.0 1.0 
-0.737982 0.907019 1.990373 0 0 0.0 0.0 1.0 
-0.552018 0.907019 1.990373 0 0 0.0 0.0 1.0 
-0.737982 0.721056 1.990373 0 0 0.0 0.0 1.0 
-0.552018 0.721056 1.990373 0 0 0.0 0.0 1.0 
-0.737982 0.535092 1.990373 0 0 0.0 -0.0893 0.996 
-0.552018 0.535092 1.990373 0 0 0.0 -0.0893 0.996 
-0.737982 0.349129 1.956736 0 0 0.0 -0.3626 0.9319 
-0.552018 0.349129 1.956736 0 0 0.0 -0.3626 0.9319 
-0.737982 0.163165 1.839331 0 0 0.0 -0.6243 0.7812 
-0.552018 0.163165 1.839331 0 0 0.0 -0.6243 0.7812 
-0.737982 0.151043 1.827209 0 0 0.0 -0.7812 0.6243 
-0.552018 0.033638 1.641245 0 0 0.0 -0.9319 0.3626 
-0.552018 0.151043 1.827209 0 0 0.0 -0.7812 0.6243 
-0.552018 1e-06 1.455282 0 0 0.0 -0.996 0.0893 
-0.737982 0.033638 1.641245 0 0 0.0 -0.9319 0.3626 
-0.552018 1e-06 1.269318 0 0 0.0 -1.0 0.0 
-0.737982 1e-06 1.455282 0 0 0.0 -0.996 0.0893 
-0.552018 1e-06 1.083355 0 0 0.0 -1.0 0.0 
-0.737982 1e-06 1.269318 0 0 0.0 -1.0 0.0 
-0.552018 1e-06 0.897391 0 0 0.0 -1.0 0.0 
-0.737982 1e-06 1.083355 0 0 0.0 -1.0 0.0 
-0.552018 1e-06 0.711428 0 0 0.0 -1.0 0.0 
-0.737982 1e-06 0.897391 0 0 0.0 -1.0 0.0 
-0.552018 1e-06 0.525464 0 0 0.0 -0.996 -0.0893 
-0.737982 1e-06 0.711428 0 0 0.0 -1.0 0.0 
-0.552018 0.033638 0.339501 0 0 0.0 -0.9319 -0.3626 
-0.737982 1e-06 0.525464 0 0 0.0 -0.996 -0.0893 
-0.552018 0.151043 0.153537 0 0 0.0 -0.7812 -0.6243 
-0.737982 0.033638 0.339501 0 0 0.0 -0.9319 -0.3626 
-0.552018 0.163165 0.141415 0 0 0.0 -0.6243 -0.7812 
-0.737982 0.151043 0.153537 0 0 0.0 -0.7812 -0.6243 
-0.552018 0.349129 0.02401 0 0 0.0 -0.3626 -0.9319 
-0.737982 0.163165 0.141415 0 0 0.0 -0.6243 -0.7812 
-0.552018 0.535092 -0.009627 0 0 0.0 -0.0893 -0.996 
-0.737982 0.349129 0.02401 0 0 0.0 -0.3626 -0.9319 
-0.552018 0.721056 -0.009627 0 0 0.0 0.0 -1.0 
-0.737982 0.535092 -0.009627 0 0 0.0 -0.0893 -0.996 
-0.552018 0.907019 -0.009627 0 0 0.0 0.0 -1.0 
-0.737982 0.721056 -0.009627 0 0 0.0 0.0 -1.0 
-0.552018 1.092983 -0.009627 0 0 0.0 0.0 -1.0 
-0.737982 0.907019 -0.009627 0 0 0.0 0.0 -1.0 
-0.737982 1.092983 -0.009627 0 0 0.0 0.0 -1.0 
-0.737982 1.278946 -0.009627 0 0 0.0 0.0 -1.0 
-0.923945 1.092983 -0.009627 0 0 0.0 0.0 -1.0 
-0.737982 1.46491 -0.009627 0 0 0.0 0.0893 -0.996 
-0.923945 1.278946 -0.009627 0 0 0.0 0.0 -1.0 
-0.923945 1.46491 -0.009627 0 0 0.0 0.0893 -0.996 
-0.923945 1.650873 0.02401 0 0 0.0 0.3626 -0.9319 
-1.109909 1.46491 -0.009627 0 0 -0.0885 0.0885 -0.9921 
-0.923945 1.836837 0.141415 0 0 0.0 0.6243 -0.7812 
-1.109909 1.650873 0.02401 0 0 -0.0862 0.3584 -0.9296 
-1.109909 1.836837 0.141415 0 0 -0.0618 0.6149 -0.7862 
-1.109909 1.848959 0.153537 0 0 -0.0568 0.7858 -0.6158 
-0.923945 1.848959 0.153537 0 0 0.0 0.7812 -0.6243 
-1.109909 1.966364 0.339501 0 0 -0.0868 0.9293 -0.3589 
-0.923945 1.966364 0.339501 0 0 0.0 0.9319 -0.3626 
-1.109909 2.000001 0.525464 0 0 -0.0885 0.9921 -0.0885 
-0.923945 2.000001 0.525464 0 0 0.0 0.996 -0.0893 
-1.109909 2.000001 0.711428 0 0 -0.0893 0.996 0.0 
-0.923945 2.000001 0.711428 0 0 0.0 1.0 0.0 
-1.109909 2.000001 0.897391 0 0 -0.0893 0.996 0.0 
-0.923945 2.000001 0.897391 0 0 0.0 1.0 0.0 
-1.109909 2.000001 1.083355 0 0 -0.0893 0.996 0.0 
-0.923945 2.000001 1.083355 0 0 0.0 1.0 0.0 
-1.109909 2.000001 1.269318 0 0 -0.0893 0.996 0.0 
-0.923945 2.000001 1.269318 0 0 0.0 1.0 0.0 
-1.109909 2.000001 1.455282 0 0 -0.0885 0.9921 0.0885 
-0.923945 2.000001 1.455282 0 0 0.0 0.996 0.0893 
-1.109909 1.966364 1.641245 0 0 -0.0836 0.931 0.3552 
-0.923945 1.966364 1.641245 0 0 0.0 0.9319 0.3626 
-1.109909 1.848959 1.827209 0 0 -0.0496 0.7819 0.6214 
-0.923945 1.836837 1.839331 0 0 0.0 0.6243 0.7812 
-0.923945 1.848959 1.827209 0 0 0.0 0.7812 0.6243 
-1.109909 1.836837 1.839331 0 0 -0.0496 0.6214 0.7819 
-1.109909 1.650873 1.956736 0 0 -0.0852 0.3564 0.9304 
-0.923945 1.650873 1.956736 0 0 0.0 0.3626 0.9319 
-1.109909 1.46491 1.990373 0 0 -0.0885 0.0885 0.9921 
-0.923945 1.46491 1.990373 0 0 0.0 0.0893 0.996 
-1.109909 1.278946 1.990373 0 0 -0.0893 0.0 0.996 
-0.923945 1.278946 1.990373 0 0 0.0 0.0 1.0 
-1.109909 1.092983 1.990373 0 0 -0.0893 0.0 0.996 
-0.923945 1.092983 1.990373 0 0 0.0 0.0 1.0 
-1.109909 0.907019 1.990373 0 0 -0.0893 0.0 0.996 
-0.923945 0.907019 1.990373 0 0 0.0 0.0 1.0 
-1.109909 0.721056 1.990373 0 0 -0.0893 0.0 0.996 
-0.923945 0.721056 1.990373 0 0 0.0 0.0 1.0 
-1.109909 0.535092 1.990373 0 0 -0.0885 -0.0885 0.9921 
-0.923945 0.535092 1.990373 0 0 0.0 -0.0893 0.996 
-1.109909 0.349129 1.956736 0 0 -0.0862 -0.3584 0.9296 
-0.923945 0.349129 1.956736 0 0 0.0 -0.3626 0.9319 
-1.109909 0.163165 1.839331 0 0 -0.0618 -0.6149 0.7862 
-0.923945 0.163165 1.839331 0 0 0.0 -0.6243 0.7812 
-1.109909 0.151043 1.827209 0 0 -0.0568 -0.7858 0.6159 
-0.923945 0.033638 1.641245 0 0 0.0 -0.9319 0.3626 
-0.923945 0.151043 1.827209 0 0 0.0 -0.7812 0.6243 
-0.923945 1e-06 1.455282 0 0 0.0 -0.996 0.0893 
-1.109909 0.033638 1.641245 0 0 -0.0868 -0.9293 0.3589 
-0.923945 1e-06 1.269318 0 0 0.0 -1.0 0.0 
-1.109909 1e-06 1.455282 0 0 -0.0885 -0.9921 0.0885 
-0.923945 1e-06 1.083355 0 0 0.0 -1.0 0.0 
-1.109909 1e-06 1.269318 0 0 -0.0893 -0.996 0.0 
-0.923945 1e-06 0.897391 0 0 0.0 -1.0 0.0 
-1.109909 1e-06 1.083355 0 0 -0.0893 -0.996 0.0 
-0.923945 1e-06 0.711428 0 0 0.0 -1.0 0.0 
-1.109909 1e-06 0.897391 0 0 -0.0893 -0.996 0.0 
-0.923945 1e-06 0.525464 0 0 0.0 -0.996 -0.0893 
-1.109909 1e-06 0.711428 0 0 -0.0893 -0.996 0.0 
-0.923945 0.033638 0.339501 0 0 0.0 -0.9319 -0.3626 
-1.109909 1e-06 0.525464 0 0 -0.0885 -0.9921 -0.0885 
-0.923945 0.151043 0.153537 0 0 0.0 -0.7812 -0.6243 
-1.109909 0.033638 0.339501 0 0 -0.0836 -0.931 -0.3552 
-0.923945 0.163165 0.141415 0 0 0.0 -0.6243 -0.7812 
-1.109909 0.151043 0.153537 0 0 -0.0496 -0.7819 -0.6214 
-0.923945 0.349129 0.02401 0 0 0.0 -0.3626 -0.9319 
-1.109909 0.163165 0.141415 0 0 -0.0496 -0.6214 -0.7819 
-0.923945 0.535092 -0.009627 0 0 0.0 -0.0893 -0.996 
-1.109909 0.349129 0.02401 0 0 -0.0852 -0.3564 -0.9304 
-0.923945 0.721056 -0.009627 0 0 0.0 0.0 -1.0 
-1.109909 0.535092 -0.009627 0 0 -0.0885 -0.0885 -0.9921 
-0.923945 0.907019 -0.009627 0 0 0.0 0.0 -1.0 
-1.109909 0.721056 -0.009627 0 0 -0.0893 0.0 -0.996 
-1.109909 0.907019 -0.009627 0 0 -0.0893 0.0 -0.996 
-1.109909 1.092983 -0.009627 0 0 -0.0893 0.0 -0.996 
-1.295872 0.907019 0.02401 0 0 -0.3626 0.0 -0.9319 
-1.109909 1.278946 -0.009627 0 0 -0.0893 0.0 -0.996 
-1.295872 1.092983 0.02401 0 0 -0.3626 0.0 -0.9319 
-1.295872 1.278946 0.02401 0 0 -0.3626 0.0 -0.9319 
-1.295872 1.46491 0.02401 0 0 -0.3552 0.0836 -0.931 
-1.481836 1.278946 0.141415 0 0 -0.6243 0.0 -0.7812 
-1.481836 1.46491 0.141415 0 0 -0.6214 0.0496 -0.7819 
-1.481836 1.560038 0.153537 0 0 -0.6973 0.1658 -0.6973 
-1.445795 1.650873 0.153537 0 0 -0.5769 0.3917 -0.7168 
-1.295872 1.650873 0.060012 0 0 -0.3357 0.3429 -0.8773 
-1.295872 1.800796 0.153537 0 0 -0.3777 0.5748 -0.7259 
-1.481836 1.650873 0.189578 0 0 -0.7168 0.3917 -0.5769 
-1.481836 1.800796 0.339501 0 0 -0.7227 0.5738 -0.3851 
-1.295872 1.836837 0.189578 0 0 -0.3917 0.7168 -0.5769 
-1.445795 1.836837 0.339501 0 0 -0.5769 0.7168 -0.3917 
-1.295872 1.930362 0.339501 0 0 -0.3384 0.878 -0.3384 
-1.481836 1.836837 0.430336 0 0 -0.6934 0.7019 -0.1626 
-1.295872 1.966364 0.525464 0 0 -0.3589 0.9293 -0.0868 
-1.481836 1.848959 0.525464 0 0 -0.6158 0.7858 -0.0568 
-1.481836 1.848959 0.711428 0 0 -0.6243 0.7812 0.0 
-1.493958 1.836837 0.525464 0 0 -0.7819 0.6214 -0.0496 
-1.493958 1.836837 0.711428 0 0 -0.7812 0.6243 0.0 
-1.611363 1.650873 0.525464 0 0 -0.9304 0.3564 -0.0852 
-1.611363 1.650873 0.711428 0 0 -0.9319 0.3626 0.0 
-1.645 1.46491 0.525464 0 0 -0.9921 0.0885 -0.0885 
-1.645 1.46491 0.711428 0 0 -0.996 0.0893 0.0 
-1.645 1.278946 0.525464 0 0 -0.996 0.0 -0.0893 
-1.645 1.278946 0.711428 0 0 -1.0 0.0 0.0 
-1.645 1.092983 0.525464 0 0 -0.996 0.0 -0.0893 
-1.645 1.092983 0.711428 0 0 -1.0 0.0 0.0 
-1.645 0.907019 0.525464 0 0 -0.996 0.0 -0.0893 
-1.645 0.907019 0.711428 0 0 -1.0 0.0 0.0 
-1.645 0.721056 0.525464 0 0 -0.996 0.0 -0.0893 
-1.645 0.721056 0.711428 0 0 -1.0 0.0 0.0 
-1.645 0.535092 0.525464 0 0 -0.9921 -0.0885 -0.0885 
-1.645 0.535092 0.711428 0 0 -0.996 -0.0893 0.0 
-1.611363 0.349129 0.525464 0 0 -0.9296 -0.3584 -0.0862 
-1.611363 0.349129 0.711428 0 0 -0.9319 -0.3626 0.0 
-1.493958 0.163165 0.525464 0 0 -0.7862 -0.6149 -0.0618 
-1.493958 0.163165 0.711428 0 0 -0.7812 -0.6243 0.0 
-1.481836 0.151043 0.525464 0 0 -0.6149 -0.7862 -0.0618 
-1.481836 0.151043 0.711428 0 0 -0.6243 -0.7812 0.0 
-1.481836 0.163165 0.430336 0 0 -0.6995 -0.6995 -0.1465 
-1.445795 0.163165 0.339501 0 0 -0.5748 -0.7259 -0.3777 
-1.295872 0.06964 0.339501 0 0 -0.3428 -0.8773 -0.3357 
-1.295872 0.033638 0.525464 0 0 -0.3584 -0.9296 -0.0862 
-1.481836 0.199206 0.339501 0 0 -0.7259 -0.5748 -0.3777 
-1.295872 0.163165 0.189578 0 0 -0.3917 -0.7168 -0.5769 
-1.481836 0.349129 0.189578 0 0 -0.7168 -0.3917 -0.5769 
-1.445795 0.349129 0.153537 0 0 -0.5769 -0.3917 -0.7168 
-1.295872 0.199206 0.153537 0 0 -0.3851 -0.5738 -0.7227 
-1.481836 0.439964 0.153537 0 0 -0.6973 -0.1658 -0.6973 
-1.295872 0.349129 0.060012 0 0 -0.3357 -0.3428 -0.8773 
-1.481836 0.535092 0.141415 0 0 -0.6214 -0.0496 -0.7819 
-1.295872 0.535092 0.02401 0 0 -0.3552 -0.0836 -0.931 
-1.295872 0.721056 0.02401 0 0 -0.3626 0.0 -0.9319 
-1.481836 0.721056 0.141415 0 0 -0.6243 0.0 -0.7812 
-1.493958 0.907019 0.153537 0 0 -0.7812 0.0 -0.6243 
-1.481836 0.907019 0.141415 0 0 -0.6243 0.0 -0.7812 
-1.493958 1.092983 0.153537 0 0 -0.7812 0.0 -0.6243 
-1.481836 1.092983 0.141415 0 0 -0.6243 0.0 -0.7812 
-1.493958 1.278946 0.153537 0 0 -0.7812 0.0 -0.6243 
-1.611363 1.092983 0.339501 0 0 -0.9319 0.0 -0.3626 
-1.493958 1.46491 0.153537 0 0 -0.7819 0.0496 -0.6214 
-1.611363 1.278946 0.339501 0 0 -0.9319 0.0 -0.3626 
-1.575361 1.650873 0.339501 0 0 -0.8773 0.3429 -0.3357 
-1.611363 1.46491 0.339501 0 0 -0.931 0.0836 -0.3552 
-1.611363 0.907019 0.339501 0 0 -0.9319 0.0 -0.3626 
-1.493958 0.721056 0.153537 0 0 -0.7812 0.0 -0.6243 
-1.611363 0.721056 0.339501 0 0 -0.9319 0.0 -0.3626 
-1.493958 0.535092 0.153537 0 0 -0.7819 -0.0496 -0.6214 
-1.611363 0.535092 0.339501 0 0 -0.931 -0.0836 -0.3552 
-1.575361 0.349129 0.339501 0 0 -0.8773 -0.3429 -0.3357 
-1.205037 0.163165 0.153537 0 0 -0.1688 -0.6927 -0.7011 
-1.295872 0.033638 0.711428 0 0 -0.3626 -0.9319 0.0 
-1.295872 0.033638 0.897391 0 0 -0.3626 -0.9319 0.0 
-1.481836 0.151043 0.897391 0 0 -0.6243 -0.7812 0.0 
-1.295872 0.033638 1.083355 0 0 -0.3626 -0.9319 0.0 
-1.481836 0.151043 1.083355 0 0 -0.6243 -0.7812 0.0 
-1.295872 0.033638 1.269318 0 0 -0.3626 -0.9319 0.0 
-1.481836 0.151043 1.269318 0 0 -0.6243 -0.7812 0.0 
-1.295872 0.033638 1.455282 0 0 -0.3589 -0.9293 0.0868 
-1.481836 0.151043 1.455282 0 0 -0.6159 -0.7858 0.0568 
-1.295872 0.06964 1.641245 0 0 -0.3384 -0.878 0.3384 
-1.445795 0.163165 1.641245 0 0 -0.5769 -0.7168 0.3917 
-1.481836 0.163165 1.55041 0 0 -0.6934 -0.7019 0.1626 
-1.481836 0.199206 1.641245 0 0 -0.7227 -0.5738 0.3851 
-1.611363 0.349129 1.455282 0 0 -0.9304 -0.3564 0.0852 
-1.493958 0.163165 1.455282 0 0 -0.7819 -0.6214 0.0496 
-1.575361 0.349129 1.641245 0 0 -0.8773 -0.3429 0.3357 
-1.611363 0.535092 1.641245 0 0 -0.931 -0.0836 0.3552 
-1.645 0.535092 1.455282 0 0 -0.9921 -0.0885 0.0885 
-1.645 0.721056 1.455282 0 0 -0.996 0.0 0.0893 
-1.645 0.907019 1.455282 0 0 -0.996 0.0 0.0893 
-1.611363 0.721056 1.641245 0 0 -0.9319 0.0 0.3626 
-1.645 1.092983 1.455282 0 0 -0.996 0.0 0.0893 
-1.611363 0.907019 1.641245 0 0 -0.9319 0.0 0.3626 
-1.645 1.278946 1.455282 0 0 -0.996 0.0 0.0893 
-1.611363 1.092983 1.641245 0 0 -0.9319 0.0 0.3626 
-1.645 1.46491 1.455282 0 0 -0.9921 0.0885 0.0885 
-1.611363 1.278946 1.641245 0 0 -0.9319 0.0 0.3626 
-1.611363 1.650873 1.455282 0 0 -0.9296 0.3584 0.0862 
-1.611363 1.46491 1.641245 0 0 -0.931 0.0836 0.3552 
-1.575361 1.650873 1.641245 0 0 -0.8773 0.3429 0.3357 
-1.481836 1.800796 1.641245 0 0 -0.7259 0.5748 0.3777 
-1.481836 1.836837 1.55041 0 0 -0.6995 0.6995 0.1465 
-1.493958 1.836837 1.455282 0 0 -0.7862 0.6149 0.0618 
-1.481836 1.848959 1.455282 0 0 -0.6149 0.7862 0.0618 
-1.493958 1.836837 1.269318 0 0 -0.7812 0.6243 0.0 
-1.493958 1.836837 1.083355 0 0 -0.7812 0.6243 0.0 
-1.481836 1.848959 1.269318 0 0 -0.6243 0.7812 0.0 
-1.611363 1.650873 1.083355 0 0 -0.9319 0.3626 0.0 
-1.611363 1.650873 1.269318 0 0 -0.9319 0.3626 0.0 
-1.645 1.46491 1.083355 0 0 -0.996 0.0893 0.0 
-1.645 1.46491 1.269318 0 0 -0.996 0.0893 0.0 
-1.645 1.278946 1.083355 0 0 -1.0 0.0 0.0 
-1.645 1.278946 1.269318 0 0 -1.0 0.0 0.0 
-1.645 1.092983 1.083355 0 0 -1.0 0.0 0.0 
-1.645 1.092983 1.269318 0 0 -1.0 0.0 0.0 
-1.645 0.907019 1.083355 0 0 -1.0 0.0 0.0 
-1.645 0.907019 1.269318 0 0 -1.0 0.0 0.0 
-1.645 0.721056 1.083355 0 0 -1.0 0.0 0.0 
-1.645 0.721056 1.269318 0 0 -1.0 0.0 0.0 
-1.645 0.535092 1.083355 0 0 -0.996 -0.0893 0.0 
-1.645 0.535092 1.269318 0 0 -0.996 -0.0893 0.0 
-1.611363 0.349129 1.083355 0 0 -0.9319 -0.3626 0.0 
-1.611363 0.349129 1.269318 0 0 -0.9319 -0.3626 0.0 
-1.493958 0.163165 1.083355 0 0 -0.7812 -0.6243 0.0 
-1.493958 0.163165 1.269318 0 0 -0.7812 -0.6243 0.0 
-1.611363 0.349129 0.897391 0 0 -0.9319 -0.3626 0.0 
-1.493958 0.163165 0.897391 0 0 -0.7812 -0.6243 0.0 
-1.645 0.535092 0.897391 0 0 -0.996 -0.0893 0.0 
-1.645 0.721056 0.897391 0 0 -1.0 0.0 0.0 
-1.645 0.907019 0.897391 0 0 -1.0 0.0 0.0 
-1.645 1.092983 0.897391 0 0 -1.0 0.0 0.0 
-1.645 1.278946 0.897391 0 0 -1.0 0.0 0.0 
-1.645 1.46491 0.897391 0 0 -0.996 0.0893 0.0 
-1.611363 1.650873 0.897391 0 0 -0.9319 0.3626 0.0 
-1.493958 1.836837 0.897391 0 0 -0.7812 0.6243 0.0 
-1.481836 1.848959 1.083355 0 0 -0.6243 0.7812 0.0 
-1.295872 1.966364 0.897391 0 0 -0.3626 0.9319 0.0 
-1.481836 1.848959 0.897391 0 0 -0.6243 0.7812 0.0 
-1.295872 1.966364 1.083355 0 0 -0.3626 0.9319 0.0 
-1.295872 1.966364 1.269318 0 0 -0.3626 0.9319 0.0 
-1.445795 1.836837 1.641245 0 0 -0.5748 0.7259 0.3777 
-1.295872 1.930362 1.641245 0 0 -0.3429 0.8773 0.3357 
-1.295872 1.966364 1.455282 0 0 -0.3584 0.9296 0.0862 
-1.481836 1.650873 1.791168 0 0 -0.7168 0.3917 0.5769 
-1.295872 1.836837 1.791168 0 0 -0.3917 0.7168 0.5769 
-1.445795 1.650873 1.827209 0 0 -0.5769 0.3917 0.7168 
-1.295872 1.800796 1.827209 0 0 -0.3851 0.5738 0.7227 
-1.481836 1.560038 1.827209 0 0 -0.6973 0.1658 0.6973 
-1.295872 1.650873 1.920733 0 0 -0.3357 0.3429 0.8773 
-1.481836 1.46491 1.839331 0 0 -0.6214 0.0496 0.7819 
-1.295872 1.46491 1.956736 0 0 -0.3552 0.0836 0.931 
-1.481836 1.278946 1.839331 0 0 -0.6243 0.0 0.7812 
-1.295872 1.278946 1.956736 0 0 -0.3626 0.0 0.9319 
-1.481836 1.092983 1.839331 0 0 -0.6243 0.0 0.7812 
-1.295872 1.092983 1.956736 0 0 -0.3626 0.0 0.9319 
-1.481836 0.907019 1.839331 0 0 -0.6243 0.0 0.7812 
-1.295872 0.907019 1.956736 0 0 -0.3626 0.0 0.9319 
-1.481836 0.721056 1.839331 0 0 -0.6243 0.0 0.7812 
-1.295872 0.721056 1.956736 0 0 -0.3626 0.0 0.9319 
-1.481836 0.535092 1.839331 0 0 -0.6214 -0.0496 0.7819 
-1.295872 0.535092 1.956736 0 0 -0.3552 -0.0836 0.931 
-1.481836 0.439964 1.827209 0 0 -0.6973 -0.1658 0.6973 
-1.445795 0.349129 1.827209 0 0 -0.5769 -0.3917 0.7168 
-1.295872 0.349129 1.920733 0 0 -0.3357 -0.3429 0.8773 
-1.295872 0.199206 1.827209 0 0 -0.3777 -0.5748 0.7259 
-1.481836 0.349129 1.791168 0 0 -0.7168 -0.3917 0.5769 
-1.493958 0.535092 1.827209 0 0 -0.7819 -0.0496 0.6214 
-1.493958 0.721056 1.827209 0 0 -0.7812 0.0 0.6243 
-1.493958 0.907019 1.827209 0 0 -0.7812 0.0 0.6243 
-1.493958 1.092983 1.827209 0 0 -0.7812 0.0 0.6243 
-1.493958 1.46491 1.827209 0 0 -0.7819 0.0496 0.6214 
-1.493958 1.278946 1.827209 0 0 -0.7812 0.0 0.6243 
-1.205037 1.836837 1.827209 0 0 -0.1688 0.6927 0.7011 
-1.295872 0.163165 1.791168 0 0 -0.3917 -0.7168 0.5769 
-1.205037 0.163165 1.827209 0 0 -0.1494 -0.6294 0.7626 
-1.295872 1.966364 0.711428 0 0 -0.3626 0.9319 0.0 
-1.205037 1.836837 0.153537 0 0 -0.1494 0.6294 -0.7626 
-0.084963 0.163165 0.153537 0 0 0.1596 -0.6896 -0.7064 
-0.084963 0.163165 1.827209 0 0 0.1494 -0.6294 0.7626 
-0.084963 1.836837 1.827209 0 0 0.1589 0.7653 0.6237 
0.005872 1.800796 1.827209 0 0 0.3851 0.5738 0.7227 
0.203958 0.163165 0.525464 0 0 0.7819 -0.6214 -0.0496 
0.203958 0.163165 0.897391 0 0 0.7812 -0.6243 0.0 

0 1 2
3 4 1
4 3 5
6 4 5
7 6 8
7 8 9
10 9 11
12 11 13
14 13 15
16 15 17
18 19 17
20 18 21
22 20 21
23 20 22
24 25 23
25 24 26
26 24 27
28 26 29
28 29 30
31 30 32
33 32 34
35 34 36
37 36 38
39 40 38
41 39 42
41 42 43
44 45 41
46 44 43
46 47 48
49 46 48
50 51 48
52 51 50
53 52 54
55 53 56
57 55 58
59 57 60
61 59 62
63 64 62
61 64 65
65 64 66
67 68 65
69 67 70
71 67 69
72 73 69
74 73 72
75 74 76
77 75 78
79 77 80
81 79 82
83 81 84
85 86 84
87 81 83
88 87 83
2 89 83
87 88 90
91 90 92
93 92 94
95 94 96
97 96 98
99 68 71
100 98 71
98 101 102
101 103 104
105 106 103
107 108 106
109 110 108
111 112 110
113 114 112
115 116 114
117 118 116
115 89 1
6 117 1
118 119 120
119 121 122
120 122 123
124 123 125
126 125 127
128 127 129
130 129 131
132 131 133
134 133 135
136 135 137
135 138 139
138 140 141
142 143 140
144 145 143
146 147 145
148 149 147
150 151 149
152 153 151
154 155 153
156 157 155
155 157 18
158 155 23
155 158 159
153 159 160
159 161 162
151 160 163
149 163 164
163 165 166
164 166 167
168 167 169
170 169 39
45 171 39
147 164 168
145 168 170
140 143 170
140 171 44
49 141 44
133 142 138
131 144 142
129 146 144
127 148 146
125 150 148
123 152 150
122 154 152
121 156 154
116 120 124
114 124 126
110 128 130
108 130 132
106 132 134
102 104 172
103 134 136
96 105 101
94 107 105
92 109 107
90 111 109
88 113 111
88 89 115
173 85 84
174 0 85
175 174 173
174 175 176
175 177 178
176 178 179
180 179 181
182 181 183
184 183 185
186 185 187
188 187 189
190 189 191
192 191 193
194 193 195
196 197 195
196 198 199
200 199 201
202 201 203
204 203 205
206 205 207
208 207 209
210 209 211
212 211 213
214 213 215
216 215 217
218 219 217
220 218 221
222 220 223
224 222 225
226 224 227
228 226 229
230 228 231
232 230 233
234 232 235
236 234 237
238 236 239
240 238 241
242 240 243
244 242 245
246 244 247
248 246 249
250 248 251
252 251 253
254 252 255
177 254 256
257 256 258
257 259 260
261 260 262
263 262 264
265 264 266
267 266 268
269 268 270
271 270 272
273 272 274
275 274 276
277 276 278
279 280 278
279 281 282
283 282 284
285 284 286
287 286 288
289 288 290
291 290 292
293 292 294
295 294 296
297 296 298
299 298 300
301 302 300
303 301 304
305 303 306
307 305 308
309 307 310
311 309 312
313 311 314
315 313 316
317 315 318
319 317 320
321 319 322
323 321 324
325 323 326
327 325 328
329 327 330
253 329 331
332 331 333
334 332 335
258 334 336
337 336 338
339 337 340
339 341 342
343 342 344
345 344 346
347 346 348
349 348 350
351 350 352
353 352 354
355 354 356
357 356 358
359 358 360
361 362 360
361 363 364
365 364 366
367 366 368
369 368 370
371 370 372
373 372 374
375 374 376
377 376 378
379 378 380
381 380 382
383 384 382
385 383 386
387 385 388
389 387 390
391 389 392
393 391 394
395 393 396
397 395 398
399 397 400
401 399 402
403 401 404
405 403 406
407 405 408
409 407 410
333 409 411
412 411 413
414 412 415
338 414 416
417 416 418
417 419 420
421 422 420
422 421 423
421 424 425
426 423 425
426 427 428
428 427 429
430 428 431
430 431 432
433 434 432
433 435 436
435 437 438
437 439 440
439 441 442
441 443 444
443 445 446
445 447 448
447 449 450
449 451 452
451 453 454
451 455 453
456 457 458
455 456 453
456 455 459
460 456 459
461 462 463
462 461 464
465 462 464
466 467 464
468 467 466
413 468 469
470 471 469
472 473 471
474 418 473
474 472 475
476 474 477
478 424 420
476 479 420
472 470 480
470 481 482
481 483 484
481 469 466
483 466 464
484 483 464
461 485 464
486 460 463
485 461 459
456 460 457
458 487 454
487 488 489
488 490 491
490 492 493
492 494 495
496 497 498
494 496 495
498 497 499
500 501 498
502 500 499
503 504 500
505 504 503
506 505 507
508 506 509
510 508 511
512 510 513
514 512 515
514 516 517
518 519 517
519 518 520
521 519 520
522 521 523
522 524 525
524 526 527
526 528 529
528 530 531
530 532 533
532 534 535
534 536 537
536 538 539
538 540 541
542 543 540
544 542 538
545 544 536
546 545 534
547 546 532
548 547 530
549 548 528
550 549 526
551 550 524
551 522 552
553 554 552
555 552 523
556 523 520
557 558 559
518 557 520
521 525 514
516 560 517
561 557 517
562 563 517
562 560 564
565 562 564
566 567 564
567 566 568
569 568 570
571 570 572
573 572 574
575 574 576
577 576 578
579 580 578
580 579 581
582 579 578
576 583 578
584 583 576
585 584 574
586 585 572
587 588 568
587 566 564
562 565 563
589 561 563
557 518 517
525 527 512
515 587 564
560 516 564
527 529 510
515 513 588
529 531 508
513 511 586
531 533 506
511 509 585
533 535 505
509 507 584
535 537 504
507 503 583
537 539 500
502 582 578
583 503 578
539 541 501
582 502 499
590 497 496
498 501 495
541 493 495
540 491 493
543 489 491
449 485 459
455 451 459
450 452 543
484 485 449
448 450 542
482 484 447
446 448 544
480 482 445
444 446 545
475 480 443
442 444 546
477 475 441
479 477 439
438 440 548
435 478 479
436 438 549
435 433 429
478 435 425
434 436 550
434 551 554
429 433 431
429 427 425
424 478 425
424 421 420
419 476 420
476 419 418
415 413 471
411 410 468
410 408 467
467 408 406
406 404 486
465 406 463
486 404 402
486 402 400
460 486 457
400 398 458
398 396 487
396 394 488
394 392 490
392 390 492
390 388 494
494 388 386
591 590 496
386 382 496
590 591 581
380 591 382
378 580 581
591 380 581
378 376 577
374 575 577
372 573 575
370 571 573
368 569 571
366 567 569
364 565 567
364 363 589
565 364 563
589 363 360
589 360 358
561 589 558
358 356 559
354 556 559
352 555 556
350 553 555
348 592 553
346 430 592
344 428 430
593 426 428
344 342 428
341 593 342
340 422 423
593 341 423
340 338 417
336 335 414
335 333 412
331 330 409
330 328 407
328 326 405
326 324 403
324 322 401
322 320 399
320 318 397
318 316 395
316 314 393
314 312 391
312 310 389
310 308 387
308 306 385
306 304 383
304 300 384
298 381 384
296 379 381
294 377 379
292 375 377
290 373 375
288 371 373
286 369 371
284 367 369
282 365 367
281 361 365
281 278 362
276 359 362
274 357 359
272 355 357
270 353 355
268 351 353
266 349 351
264 347 349
262 345 347
260 343 345
259 339 343
259 258 337
256 255 334
255 253 332
249 247 327
247 245 325
245 243 323
243 241 321
236 594 234
239 237 317
594 66 63
234 594 232
237 235 315
235 233 313
233 231 311
229 227 307
227 225 305
225 223 303
223 221 301
221 217 302
595 216 219
213 297 299
211 295 297
209 293 295
207 291 293
205 289 291
201 285 287
199 283 285
596 196 200
27 597 200
198 279 283
196 596 197
198 195 280
191 275 277
189 273 275
187 271 273
185 269 271
181 265 267
179 263 265
178 261 263
175 173 254
173 250 252
87 91 79
84 82 248
82 80 246
93 95 75
80 78 244
95 97 74
78 76 242
97 100 73
76 72 240
73 100 71
72 69 238
69 70 594
238 69 236
68 99 65
66 594 70
102 598 61
99 102 65
66 64 63
61 598 59
232 63 62
598 172 57
62 60 228
172 599 55
60 58 226
599 137 53
58 56 224
137 139 52
56 54 222
139 141 51
54 50 220
141 49 51
50 48 218
48 47 595
218 48 219
46 49 44
595 47 43
43 42 214
595 43 216
41 45 39
169 40 39
38 212 214
167 37 40
36 210 212
166 35 37
34 208 210
165 33 35
32 206 208
162 31 33
30 204 206
161 28 31
29 202 204
28 161 26
29 27 200
158 25 26
161 159 26
27 24 597
25 158 23
22 596 597
22 21 194
596 22 197
18 157 19
17 192 194
156 16 19
15 190 192
121 14 16
13 188 190
119 12 14
11 186 188
9 184 186
117 7 10
8 182 184
117 6 7
8 5 180
174 176 180
5 3 180
86 2 83
86 85 0
4 6 1
89 2 1
174 3 0
91 93 77
68 67 71
118 10 12
112 126 128
104 136 599
18 20 23
160 162 165
171 45 44
177 257 261
251 249 329
241 239 319
183 267 269
231 229 309
193 277 280
203 287 289
215 299 302
426 593 423
416 415 473
462 465 463
592 432 554
440 442 547
452 454 489
557 561 558
588 586 570
579 582 499
497 590 581
86 0 2
0 3 1
8 6 5
10 7 9
12 10 11
14 12 13
16 14 15
19 16 17
21 18 17
597 23 22
597 24 23
29 26 27
31 28 30
33 31 32
35 33 34
37 35 36
40 37 38
42 39 38
43 44 41
47 46 43
51 49 48
54 52 50
56 53 54
58 55 56
60 57 58
62 59 60
64 61 62
70 65 66
70 67 65
73 71 69
76 74 72
78 75 76
80 77 78
82 79 80
84 81 82
86 83 84
89 88 83
91 87 90
93 91 92
95 93 94
97 95 96
100 97 98
98 99 71
99 98 102
102 101 104
101 105 103
105 107 106
107 109 108
109 111 110
111 113 112
113 115 114
115 117 116
117 115 1
116 118 120
120 119 122
124 120 123
126 124 125
128 126 127
130 128 129
132 130 131
134 132 133
136 134 135
599 136 137
137 135 139
139 138 141
138 142 140
142 144 143
144 146 145
146 148 147
148 150 149
150 152 151
152 154 153
154 156 155
23 155 18
153 155 159
151 153 160
160 159 162
149 151 163
147 149 164
164 163 166
168 164 167
170 168 169
171 170 39
145 147 168
143 145 170
171 140 170
141 140 44
135 133 138
133 131 142
131 129 144
129 127 146
127 125 148
125 123 150
123 122 152
122 121 154
114 116 124
112 114 126
108 110 130
106 108 132
103 106 134
598 102 172
104 103 136
98 96 101
96 94 105
94 92 107
92 90 109
90 88 111
113 88 115
250 173 84
173 174 85
176 175 178
180 176 179
182 180 181
184 182 183
186 184 185
188 186 187
190 188 189
192 190 191
194 192 193
197 194 195
198 196 195
200 196 199
202 200 201
204 202 203
206 204 205
208 206 207
210 208 209
212 210 211
214 212 213
216 214 215
219 216 217
221 218 217
223 220 221
225 222 223
227 224 225
229 226 227
231 228 229
233 230 231
235 232 233
237 234 235
239 236 237
241 238 239
243 240 241
245 242 243
247 244 245
249 246 247
251 248 249
252 250 251
255 252 253
256 254 255
257 177 256
259 257 258
261 257 260
263 261 262
265 263 264
267 265 266
269 267 268
271 269 270
273 271 272
275 273 274
277 275 276
280 277 278
281 279 278
283 279 282
285 283 284
287 285 286
289 287 288
291 289 290
293 291 292
295 293 294
297 295 296
299 297 298
302 299 300
304 301 300
306 303 304
308 305 306
310 307 308
312 309 310
314 311 312
316 313 314
318 315 316
320 317 318
322 319 320
324 321 322
326 323 324
328 325 326
330 327 328
331 329 330
332 253 331
335 332 333
336 334 335
337 258 336
340 337 338
341 339 340
343 339 342
345 343 344
347 345 346
349 347 348
351 349 350
353 351 352
355 353 354
357 355 356
359 357 358
362 359 360
363 361 360
365 361 364
367 365 366
369 367 368
371 369 370
373 371 372
375 373 374
377 375 376
379 377 378
381 379 380
384 381 382
386 383 382
388 385 386
390 387 388
392 389 390
394 391 392
396 393 394
398 395 396
400 397 398
402 399 400
404 401 402
406 403 404
408 405 406
410 407 408
411 409 410
412 333 411
415 412 413
416 414 415
417 338 416
419 417 418
422 417 420
423 421 425
427 426 425
431 428 429
592 430 432
431 433 432
434 433 436
436 435 438
438 437 440
440 439 442
442 441 444
444 443 446
446 445 448
448 447 450
450 449 452
452 451 454
453 456 458
463 460 459
459 461 463
467 465 464
469 468 466
471 413 469
481 470 469
470 472 471
472 474 473
477 474 475
479 476 477
479 478 420
475 472 480
480 470 482
482 481 484
483 481 466
485 484 464
453 458 454
454 487 489
489 488 491
491 490 493
493 492 495
495 496 498
499 500 498
502 503 500
507 505 503
509 506 507
511 508 509
513 510 511
515 512 513
516 514 515
519 514 517
523 521 520
552 522 523
521 522 525
525 524 527
527 526 529
529 528 531
531 530 533
533 532 535
535 534 537
537 536 539
539 538 541
538 542 540
536 544 538
534 545 536
532 546 534
530 547 532
528 548 530
526 549 528
524 550 526
522 551 524
554 551 552
555 553 552
556 555 523
559 556 520
520 557 559
519 521 514
563 561 517
560 562 517
567 565 564
569 567 568
571 569 570
573 571 572
575 573 574
577 575 576
580 577 578
574 584 576
572 585 574
570 586 572
566 587 568
514 525 512
516 515 564
512 527 510
587 515 588
510 529 508
588 513 586
508 531 506
586 511 585
506 533 505
585 509 584
505 535 504
584 507 583
504 537 500
503 502 578
500 539 501
501 541 495
541 540 493
540 543 491
451 449 459
542 450 543
447 484 449
544 448 542
445 482 447
545 446 544
443 480 445
546 444 545
441 475 443
547 442 546
439 477 441
437 479 439
549 438 548
437 435 479
550 436 549
425 435 429
551 434 550
432 434 554
474 476 418
473 415 471
413 411 468
468 410 467
465 467 406
463 406 486
457 486 400
457 400 458
458 398 487
487 396 488
488 394 490
490 392 492
492 390 494
496 494 386
382 591 496
380 378 581
580 378 577
376 374 577
374 372 575
372 370 573
370 368 571
368 366 569
366 364 567
563 364 589
558 589 358
558 358 559
356 354 559
354 352 556
352 350 555
350 348 553
348 346 592
346 344 430
342 593 428
341 340 423
422 340 417
338 336 414
414 335 412
333 331 409
409 330 407
407 328 405
405 326 403
403 324 401
401 322 399
399 320 397
397 318 395
395 316 393
393 314 391
391 312 389
389 310 387
387 308 385
385 306 383
383 304 384
300 298 384
298 296 381
296 294 379
294 292 377
292 290 375
290 288 373
288 286 371
286 284 369
284 282 367
282 281 365
361 281 362
278 276 362
276 274 359
274 272 357
272 270 355
270 268 353
268 266 351
266 264 349
264 262 347
262 260 345
260 259 343
339 259 337
258 256 334
334 255 332
329 249 327
327 247 325
325 245 323
323 243 321
319 239 317
232 594 63
317 237 315
315 235 313
313 233 311
309 229 307
307 227 305
305 225 303
303 223 301
301 221 302
215 213 299
213 211 297
211 209 295
209 207 293
207 205 291
203 201 287
201 199 285
597 596 200
199 198 283
279 198 280
193 191 277
191 189 275
189 187 273
187 185 271
183 181 267
181 179 265
179 178 263
177 175 254
254 173 252
81 87 79
250 84 248
248 82 246
77 93 75
246 80 244
75 95 74
244 78 242
74 97 73
242 76 240
240 72 238
236 69 594
65 102 61
230 232 62
59 598 57
230 62 228
57 172 55
228 60 226
55 599 53
226 58 224
53 137 52
224 56 222
52 139 51
222 54 220
220 50 218
219 48 595
216 43 214
42 38 214
169 167 40
38 36 212
167 166 37
36 34 210
166 165 35
34 32 208
165 162 33
32 30 206
162 161 31
30 29 204
202 29 200
159 158 26
197 22 194
21 17 194
157 156 19
17 15 192
156 121 16
15 13 190
121 119 14
13 11 188
11 9 186
118 117 10
9 8 184
182 8 180
3 174 180
79 91 77
119 118 12
110 112 128
172 104 599
163 160 165
178 177 261
253 251 329
321 241 319
185 183 269
311 231 309
195 193 280
205 203 289
217 215 302
418 416 473
553 592 554
548 440 547
543 452 489
568 588 570
581 579 499
499 497 581
