4860
7.184005  4.953245 5.307239
5.996474  4.953245 5.307239
5.996474  3.765714 5.307239
8.503483  4.953245 5.307239
7.315953  4.953245 5.307239
7.315953  3.765714 5.307239
9.822964  4.953245 5.307239
8.635431  4.953245 5.307239
8.635431  3.765714 5.307239
7.184005  6.272724 5.307239
5.996474  6.272724 5.307239
5.996474  5.085193 5.307239
8.503483  6.272724 5.307239
7.315953  6.272724 5.307239
7.315953  5.085193 5.307239
9.822964  6.272724 5.307239
8.635431  6.272724 5.307239
8.635431  5.085193 5.307239
7.184005  7.592203 5.307239
5.996474  7.592203 5.307239
5.996474  6.404672 5.307239
8.503483  7.592203 5.307239
7.315953  7.592203 5.307239
7.315953  6.404672 5.307239
9.822964  7.592203 5.307239
8.635431  7.592203 5.307239
8.635431  6.404672 5.307239
9.909719  4.953245 4.032952
9.909719  4.953245 5.220483
9.909719  3.765714 5.220483
9.909719  4.953245 2.713474
9.909719  4.953245 3.901005
9.909719  3.765714 3.901004
9.909719  4.953245 1.393995
9.909719  4.953245 2.581526
9.909719  3.765714 2.581526
9.909719  6.272724 4.032953
9.909719  6.272724 5.220483
9.909719  5.085193 5.220483
9.909719  6.272724 2.713474
9.909719  6.272724 3.901005
9.909719  5.085193 3.901005
9.909719  6.272724 1.393995
9.909719  6.272724 2.581526
9.909719  5.085193 2.581526
9.909719  6.404672 4.032953
9.909719  7.592203 4.032953
9.909719  7.592203 5.220483
9.909719  7.592203 2.713474
9.909719  7.592203 3.901005
9.909719  6.404672 3.901005
9.909719  7.592203 1.393995
9.909719  7.592203 2.581526
9.909719  6.404672 2.581526
8.635431  4.953245 1.307239
9.822964  4.953245 1.307239
9.822964  3.765714 1.307239
7.315953  4.953245 1.307239
8.503483  4.953245 1.307239
8.503483  3.765714 1.307239
5.996474  4.953245 1.307239
7.184005  4.953245 1.307239
7.184005  3.765714 1.307239
8.635431  6.272724 1.307239
9.822964  6.272724 1.307239
9.822964  5.085194 1.307239
7.315953  6.272724 1.307239
8.503483  6.272724 1.307239
8.503483  5.085194 1.307239
5.996474  6.272724 1.307239
7.184005  6.272724 1.307239
7.184005  5.085194 1.307239
8.635431  7.592203 1.307239
9.822964  7.592203 1.307239
9.822964  6.404672 1.307239
7.315953  7.592203 1.307239
8.503483  7.592203 1.307239
8.503483  6.404672 1.307239
5.996474  7.592203 1.307239
7.184005  7.592203 1.307239
7.184005  6.404672 1.307239
5.909718  3.765714 2.581526
5.909718  4.953245 2.581526
5.909718  4.953245 1.393995
5.909718  4.953245 3.901005
5.909718  4.953245 2.713474
5.909718  3.765714 2.713474
5.909718  3.765714 5.220483
5.909718  4.953245 5.220483
5.909718  4.953245 4.032952
5.909718  6.272724 2.581526
5.909718  6.272724 1.393995
5.909718  5.085193 1.393995
5.909718  6.272724 3.901005
5.909718  6.272724 2.713474
5.909718  5.085193 2.713474
5.909718  6.272724 5.220483
5.909718  6.272724 4.032953
5.909718  5.085193 4.032953
5.909718  7.592203 2.581526
5.909718  7.592203 1.393995
5.909718  6.404672 1.393995
5.909718  6.404672 3.901005
5.909718  7.592203 3.901005
5.909718  7.592203 2.713474
5.909718  7.592203 5.220483
5.909718  7.592203 4.032953
5.909718  6.404672 4.032953
7.184005  7.678958 4.032953
5.996474  7.678958 4.032953
5.996474  7.678958 5.220483
8.503483  7.678958 4.032953
7.315953  7.678958 4.032953
7.315953  7.678958 5.220483
9.822964  7.678958 4.032953
8.635431  7.678958 4.032953
8.635431  7.678958 5.220483
7.184005  7.678958 2.713474
5.996474  7.678958 2.713474
5.996474  7.678958 3.901005
8.503483  7.678958 2.713474
7.315953  7.678958 2.713474
7.315953  7.678958 3.901005
9.822964  7.678958 2.713474
8.635431  7.678958 2.713474
8.635431  7.678958 3.901005
7.184005  7.678958 1.393995
5.996474  7.678958 1.393995
5.996474  7.678958 2.581526
8.503483  7.678958 1.393995
7.315953  7.678958 1.393995
7.315953  7.678958 2.581526
9.822964  7.678958 1.393995
8.635431  7.678958 1.393995
8.635431  7.678958 2.581526
7.184005  3.678958 2.581526
5.996474  3.678958 2.581526
5.996474  3.678958 1.393995
8.503483  3.678958 2.581526
7.315953  3.678958 2.581526
7.315953  3.678958 1.393995
9.822964  3.678958 2.581526
8.635431  3.678958 2.581526
8.635431  3.678958 1.393995
7.184005  3.678958 3.901004
5.996474  3.678958 3.901004
5.996474  3.678958 2.713474
8.503483  3.678958 3.901004
7.315953  3.678958 3.901004
7.315953  3.678958 2.713474
9.822964  3.678958 3.901004
8.635431  3.678958 3.901004
8.635431  3.678958 2.713474
7.184005  3.678958 5.220483
5.996474  3.678958 5.220483
5.996474  3.678958 4.032952
8.503483  3.678958 5.220483
7.315953  3.678958 5.220483
7.315953  3.678958 4.032952
9.822964  3.678958 5.220483
8.635431  3.678958 5.220483
8.635431  3.678958 4.032952
5.996474  3.765714 5.307239
5.996474  4.953245 5.307239
5.930501  5.019219 5.286458
5.996474  4.953245 5.307239
7.184005  4.953245 5.307239
7.249979  5.019219 5.286458
7.249979  5.019219 5.286458
7.184005  4.953245 5.307239
7.184005  3.765714 5.307239
7.184005  3.765714 5.307239
5.996474  3.765714 5.307239
5.930501  3.699740 5.286457
7.315953  3.765714 5.307239
7.315953  4.953245 5.307239
7.249979  5.019219 5.286458
7.315953  4.953245 5.307239
8.503483  4.953245 5.307239
8.569458  5.019219 5.286458
8.569458  5.019219 5.286458
8.503483  4.953245 5.307239
8.503483  3.765714 5.307239
8.503483  3.765714 5.307239
7.315953  3.765714 5.307239
7.249979  3.699740 5.286457
8.635431  3.765714 5.307239
8.635431  4.953245 5.307239
8.569458  5.019219 5.286458
8.635431  4.953245 5.307239
9.822964  4.953245 5.307239
9.888937  5.019219 5.286458
9.888937  5.019219 5.286458
9.822964  4.953245 5.307239
9.822964  3.765714 5.307239
9.822964  3.765714 5.307239
8.635431  3.765714 5.307239
8.569458  3.699740 5.286457
5.996474  5.085193 5.307239
5.996474  6.272724 5.307239
5.930501  6.338698 5.286458
5.996474  6.272724 5.307239
7.184005  6.272724 5.307239
7.249979  6.338698 5.286458
7.184005  6.272724 5.307239
7.184005  5.085193 5.307239
7.249979  5.019219 5.286458
7.184005  5.085193 5.307239
5.996474  5.085193 5.307239
5.930501  5.019219 5.286458
7.315953  5.085193 5.307239
7.315953  6.272724 5.307239
7.249979  6.338698 5.286458
7.315953  6.272724 5.307239
8.503483  6.272724 5.307239
8.569458  6.338698 5.286458
8.503483  6.272724 5.307239
8.503483  5.085193 5.307239
8.569458  5.019219 5.286458
8.503483  5.085193 5.307239
7.315953  5.085193 5.307239
7.249979  5.019219 5.286458
8.635431  5.085193 5.307239
8.635431  6.272724 5.307239
8.569458  6.338698 5.286458
8.635431  6.272724 5.307239
9.822964  6.272724 5.307239
9.888937  6.338698 5.286458
9.822964  6.272724 5.307239
9.822964  5.085193 5.307239
9.888937  5.019219 5.286458
9.822964  5.085193 5.307239
8.635431  5.085193 5.307239
8.569458  5.019219 5.286458
5.996474  6.404672 5.307239
5.996474  7.592203 5.307239
5.930501  7.658176 5.286458
5.996474  7.592203 5.307239
7.184005  7.592203 5.307239
7.249979  7.658176 5.286458
7.184005  7.592203 5.307239
7.184005  6.404672 5.307239
7.249979  6.338698 5.286458
7.184005  6.404672 5.307239
5.996474  6.404672 5.307239
5.930501  6.338698 5.286458
7.315953  6.404672 5.307239
7.315953  7.592203 5.307239
7.249979  7.658176 5.286458
7.315953  7.592203 5.307239
8.503483  7.592203 5.307239
8.569458  7.658176 5.286458
8.569458  7.658176 5.286458
8.503483  7.592203 5.307239
8.503483  6.404672 5.307239
8.503483  6.404672 5.307239
7.315953  6.404672 5.307239
7.249979  6.338698 5.286458
8.635431  6.404672 5.307239
8.635431  7.592203 5.307239
8.569458  7.658176 5.286458
8.635431  7.592203 5.307239
9.822964  7.592203 5.307239
9.888937  7.658176 5.286458
9.822964  7.592203 5.307239
9.822964  6.404672 5.307239
9.888937  6.338698 5.286458
9.822964  6.404672 5.307239
8.635431  6.404672 5.307239
8.569458  6.338698 5.286458
9.909719  3.765714 5.220483
9.909719  4.953245 5.220483
9.888937  5.019219 5.286458
9.909719  4.953245 5.220483
9.909719  4.953245 4.032952
9.888937  5.019219 3.966979
9.909719  4.953245 4.032952
9.909719  3.765714 4.032952
9.888937  3.699740 3.966979
9.909719  3.765714 4.032952
9.909719  3.765714 5.220483
9.888937  3.699740 5.286457
9.909719  3.765714 3.901004
9.909719  4.953245 3.901005
9.888937  5.019219 3.966979
9.909719  4.953245 3.901005
9.909719  4.953245 2.713474
9.888937  5.019219 2.647500
9.888937  5.019219 2.647500
9.909719  4.953245 2.713474
9.909719  3.765714 2.713474
9.909719  3.765714 2.713474
9.909719  3.765714 3.901004
9.888937  3.699740 3.966979
9.909719  3.765714 2.581526
9.909719  4.953245 2.581526
9.888937  5.019219 2.647500
9.909719  4.953245 2.581526
9.909719  4.953245 1.393995
9.888937  5.019219 1.328021
9.888937  5.019219 1.328021
9.909719  4.953245 1.393995
9.909719  3.765714 1.393995
9.909719  3.765714 1.393995
9.909719  3.765714 2.581526
9.888937  3.699740 2.647500
9.909719  5.085193 5.220483
9.909719  6.272724 5.220483
9.888937  6.338698 5.286458
9.909719  6.272724 5.220483
9.909719  6.272724 4.032953
9.888937  6.338698 3.966979
9.909719  6.272724 4.032953
9.909719  5.085193 4.032953
9.888937  5.019219 3.966979
9.909719  5.085193 4.032953
9.909719  5.085193 5.220483
9.888937  5.019219 5.286458
9.909719  5.085193 3.901005
9.909719  6.272724 3.901005
9.888937  6.338698 3.966979
9.909719  6.272724 3.901005
9.909719  6.272724 2.713474
9.888937  6.338698 2.647500
9.888937  6.338698 2.647500
9.909719  6.272724 2.713474
9.909719  5.085193 2.713474
9.909719  5.085193 2.713474
9.909719  5.085193 3.901005
9.888937  5.019219 3.966979
9.909719  5.085193 2.581526
9.909719  6.272724 2.581526
9.888937  6.338698 2.647500
9.909719  6.272724 2.581526
9.909719  6.272724 1.393995
9.888937  6.338698 1.328021
9.888937  6.338698 1.328021
9.909719  6.272724 1.393995
9.909719  5.085193 1.393995
9.909719  5.085193 1.393995
9.909719  5.085193 2.581526
9.888937  5.019219 2.647500
9.909719  6.404672 5.220483
9.909719  7.592203 5.220483
9.888937  7.658176 5.286458
9.909719  7.592203 5.220483
9.909719  7.592203 4.032953
9.888937  7.658176 3.966979
9.888937  7.658176 3.966979
9.909719  7.592203 4.032953
9.909719  6.404672 4.032953
9.909719  6.404672 4.032953
9.909719  6.404672 5.220483
9.888937  6.338698 5.286458
9.909719  6.404672 3.901005
9.909719  7.592203 3.901005
9.888937  7.658176 3.966979
9.909719  7.592203 3.901005
9.909719  7.592203 2.713474
9.888937  7.658176 2.647500
9.888937  7.658176 2.647500
9.909719  7.592203 2.713474
9.909719  6.404672 2.713474
9.909719  6.404672 2.713474
9.909719  6.404672 3.901005
9.888937  6.338698 3.966979
9.909719  6.404672 2.581526
9.909719  7.592203 2.581526
9.888937  7.658176 2.647500
9.888937  7.658176 2.647500
9.909719  7.592203 2.581526
9.909719  7.592203 1.393995
9.888937  7.658176 1.328021
9.909719  7.592203 1.393995
9.909719  6.404672 1.393995
9.909719  6.404672 1.393995
9.909719  6.404672 2.581526
9.888937  6.338698 2.647500
9.888937  3.699741 1.328021
9.822964  3.765714 1.307239
9.822964  4.953245 1.307239
9.822964  4.953245 1.307239
8.635431  4.953245 1.307239
8.569458  5.019219 1.328021
8.635431  4.953245 1.307239
8.635431  3.765714 1.307239
8.569458  3.699741 1.328021
8.635431  3.765714 1.307239
9.822964  3.765714 1.307239
9.888937  3.699741 1.328021
8.569458  3.699741 1.328021
8.503483  3.765714 1.307239
8.503483  4.953245 1.307239
8.503483  4.953245 1.307239
7.315953  4.953245 1.307239
7.249979  5.019219 1.328021
7.315953  4.953245 1.307239
7.315953  3.765714 1.307239
7.249979  3.699741 1.328021
7.315953  3.765714 1.307239
8.503483  3.765714 1.307239
8.569458  3.699741 1.328021
7.249979  3.699741 1.328021
7.184005  3.765714 1.307239
7.184005  4.953245 1.307239
7.184005  4.953245 1.307239
5.996474  4.953245 1.307239
5.930501  5.019219 1.328021
5.996474  4.953245 1.307239
5.996474  3.765714 1.307239
5.930501  3.699741 1.328021
5.996474  3.765714 1.307239
7.184005  3.765714 1.307239
7.249979  3.699741 1.328021
9.822964  5.085194 1.307239
9.822964  6.272724 1.307239
9.888937  6.338698 1.328021
9.822964  6.272724 1.307239
8.635431  6.272724 1.307239
8.569458  6.338698 1.328021
8.569458  6.338698 1.328021
8.635431  6.272724 1.307239
8.635431  5.085194 1.307239
8.635431  5.085194 1.307239
9.822964  5.085194 1.307239
9.888937  5.019219 1.328021
8.503483  5.085194 1.307239
8.503483  6.272724 1.307239
8.569458  6.338698 1.328021
8.503483  6.272724 1.307239
7.315953  6.272724 1.307239
7.249979  6.338698 1.328021
7.249979  6.338698 1.328021
7.315953  6.272724 1.307239
7.315953  5.085194 1.307239
7.315953  5.085194 1.307239
8.503483  5.085194 1.307239
8.569458  5.019219 1.328021
7.184005  5.085194 1.307239
7.184005  6.272724 1.307239
7.249979  6.338698 1.328021
7.184005  6.272724 1.307239
5.996474  6.272724 1.307239
5.930501  6.338698 1.328021
5.930501  6.338698 1.328021
5.996474  6.272724 1.307239
5.996474  5.085194 1.307239
5.996474  5.085194 1.307239
7.184005  5.085194 1.307239
7.249979  5.019219 1.328021
9.822964  6.404672 1.307239
9.822964  7.592203 1.307239
9.888937  7.658176 1.328021
9.822964  7.592203 1.307239
8.635431  7.592203 1.307239
8.569458  7.658176 1.328021
8.569458  7.658176 1.328021
8.635431  7.592203 1.307239
8.635431  6.404672 1.307239
8.635431  6.404672 1.307239
9.822964  6.404672 1.307239
9.888937  6.338698 1.328021
8.503483  6.404672 1.307239
8.503483  7.592203 1.307239
8.569458  7.658176 1.328021
8.503483  7.592203 1.307239
7.315953  7.592203 1.307239
7.249979  7.658176 1.328021
7.249979  7.658176 1.328021
7.315953  7.592203 1.307239
7.315953  6.404672 1.307239
7.315953  6.404672 1.307239
8.503483  6.404672 1.307239
8.569458  6.338698 1.328021
7.184005  6.404672 1.307239
7.184005  7.592203 1.307239
7.249979  7.658176 1.328021
7.184005  7.592203 1.307239
5.996474  7.592203 1.307239
5.930501  7.658176 1.328021
5.996474  7.592203 1.307239
5.996474  6.404672 1.307239
5.930501  6.338698 1.328021
5.996474  6.404672 1.307239
7.184005  6.404672 1.307239
7.249979  6.338698 1.328021
5.930501  3.699741 1.328021
5.909718  3.765714 1.393995
5.909718  4.953245 1.393995
5.909718  4.953245 1.393995
5.909718  4.953245 2.581526
5.930501  5.019219 2.647500
5.930501  5.019219 2.647500
5.909718  4.953245 2.581526
5.909718  3.765714 2.581526
5.930501  3.699740 2.647500
5.909718  3.765714 2.581526
5.909718  3.765714 1.393995
5.909718  3.765714 2.713474
5.909718  4.953245 2.713474
5.930501  5.019219 2.647500
5.909718  4.953245 2.713474
5.909718  4.953245 3.901005
5.930501  5.019219 3.966979
5.909718  4.953245 3.901005
5.909718  3.765714 3.901004
5.930501  3.699740 3.966979
5.909718  3.765714 3.901004
5.909718  3.765714 2.713474
5.930501  3.699740 2.647500
5.909718  3.765714 4.032952
5.909718  4.953245 4.032952
5.930501  5.019219 3.966979
5.930501  5.019219 3.966979
5.909718  4.953245 4.032952
5.909718  4.953245 5.220483
5.909718  4.953245 5.220483
5.909718  3.765714 5.220483
5.930501  3.699740 5.286457
5.909718  3.765714 5.220483
5.909718  3.765714 4.032952
5.930501  3.699740 3.966979
5.909718  5.085193 1.393995
5.909718  6.272724 1.393995
5.930501  6.338698 1.328021
5.909718  6.272724 1.393995
5.909718  6.272724 2.581526
5.930501  6.338698 2.647500
5.930501  6.338698 2.647500
5.909718  6.272724 2.581526
5.909718  5.085193 2.581526
5.930501  5.019219 2.647500
5.909718  5.085193 2.581526
5.909718  5.085193 1.393995
5.909718  5.085193 2.713474
5.909718  6.272724 2.713474
5.930501  6.338698 2.647500
5.930501  6.338698 2.647500
5.909718  6.272724 2.713474
5.909718  6.272724 3.901005
5.909718  6.272724 3.901005
5.909718  5.085193 3.901005
5.930501  5.019219 3.966979
5.909718  5.085193 3.901005
5.909718  5.085193 2.713474
5.930501  5.019219 2.647500
5.909718  5.085193 4.032953
5.909718  6.272724 4.032953
5.930501  6.338698 3.966979
5.909718  6.272724 4.032953
5.909718  6.272724 5.220483
5.930501  6.338698 5.286458
5.930501  6.338698 5.286458
5.909718  6.272724 5.220483
5.909718  5.085193 5.220483
5.909718  5.085193 5.220483
5.909718  5.085193 4.032953
5.930501  5.019219 3.966979
5.909718  6.404672 1.393995
5.909718  7.592203 1.393995
5.930501  7.658176 1.328021
5.909718  7.592203 1.393995
5.909718  7.592203 2.581526
5.930501  7.658176 2.647500
5.930501  7.658176 2.647500
5.909718  7.592203 2.581526
5.909718  6.404672 2.581526
5.909718  6.404672 2.581526
5.909718  6.404672 1.393995
5.930501  6.338698 1.328021
5.909718  6.404672 2.713474
5.909718  7.592203 2.713474
5.930501  7.658176 2.647500
5.909718  7.592203 2.713474
5.909718  7.592203 3.901005
5.930501  7.658176 3.966979
5.909718  7.592203 3.901005
5.909718  6.404672 3.901005
5.930501  6.338698 3.966979
5.909718  6.404672 3.901005
5.909718  6.404672 2.713474
5.930501  6.338698 2.647500
5.909718  6.404672 4.032953
5.909718  7.592203 4.032953
5.930501  7.658176 3.966979
5.909718  7.592203 4.032953
5.909718  7.592203 5.220483
5.930501  7.658176 5.286458
5.930501  7.658176 5.286458
5.909718  7.592203 5.220483
5.909718  6.404672 5.220483
5.909718  6.404672 5.220483
5.909718  6.404672 4.032953
5.930501  6.338698 3.966979
5.996474  7.678958 5.220483
5.996474  7.678958 4.032953
5.930501  7.658176 3.966979
5.996474  7.678958 4.032953
7.184005  7.678958 4.032953
7.249979  7.658176 3.966979
7.184005  7.678958 4.032953
7.184005  7.678958 5.220483
7.249979  7.658176 5.286458
7.184005  7.678958 5.220483
5.996474  7.678958 5.220483
5.930501  7.658176 5.286458
7.315953  7.678958 5.220483
7.315953  7.678958 4.032953
7.249979  7.658176 3.966979
7.315953  7.678958 4.032953
8.503483  7.678958 4.032953
8.569458  7.658176 3.966979
8.503483  7.678958 4.032953
8.503483  7.678958 5.220483
8.569458  7.658176 5.286458
8.503483  7.678958 5.220483
7.315953  7.678958 5.220483
7.249979  7.658176 5.286458
8.635431  7.678958 5.220483
8.635431  7.678958 4.032953
8.569458  7.658176 3.966979
8.635431  7.678958 4.032953
9.822964  7.678958 4.032953
9.888937  7.658176 3.966979
9.822964  7.678958 4.032953
9.822964  7.678958 5.220483
9.888937  7.658176 5.286458
9.822964  7.678958 5.220483
8.635431  7.678958 5.220483
8.569458  7.658176 5.286458
5.930501  7.658176 3.966979
5.996474  7.678958 3.901005
5.996474  7.678958 2.713474
5.996474  7.678958 2.713474
7.184005  7.678958 2.713474
7.249979  7.658176 2.647500
7.184005  7.678958 2.713474
7.184005  7.678958 3.901005
7.249979  7.658176 3.966979
7.184005  7.678958 3.901005
5.996474  7.678958 3.901005
5.930501  7.658176 3.966979
7.315953  7.678958 3.901005
7.315953  7.678958 2.713474
7.249979  7.658176 2.647500
7.315953  7.678958 2.713474
8.503483  7.678958 2.713474
8.569458  7.658176 2.647500
8.503483  7.678958 2.713474
8.503483  7.678958 3.901005
8.569458  7.658176 3.966979
8.503483  7.678958 3.901005
7.315953  7.678958 3.901005
7.249979  7.658176 3.966979
8.569458  7.658176 3.966979
8.635431  7.678958 3.901005
8.635431  7.678958 2.713474
8.635431  7.678958 2.713474
9.822964  7.678958 2.713474
9.888937  7.658176 2.647500
9.822964  7.678958 2.713474
9.822964  7.678958 3.901005
9.888937  7.658176 3.966979
9.822964  7.678958 3.901005
8.635431  7.678958 3.901005
8.569458  7.658176 3.966979
5.930501  7.658176 2.647500
5.996474  7.678958 2.581526
5.996474  7.678958 1.393995
5.996474  7.678958 1.393995
7.184005  7.678958 1.393995
7.249979  7.658176 1.328021
7.184005  7.678958 1.393995
7.184005  7.678958 2.581526
7.249979  7.658176 2.647500
7.184005  7.678958 2.581526
5.996474  7.678958 2.581526
5.930501  7.658176 2.647500
7.249979  7.658176 2.647500
7.315953  7.678958 2.581526
7.315953  7.678958 1.393995
7.315953  7.678958 1.393995
8.503483  7.678958 1.393995
8.569458  7.658176 1.328021
8.503483  7.678958 1.393995
8.503483  7.678958 2.581526
8.569458  7.658176 2.647500
8.503483  7.678958 2.581526
7.315953  7.678958 2.581526
7.249979  7.658176 2.647500
8.569458  7.658176 2.647500
8.635431  7.678958 2.581526
8.635431  7.678958 1.393995
8.635431  7.678958 1.393995
9.822964  7.678958 1.393995
9.888937  7.658176 1.328021
9.822964  7.678958 1.393995
9.822964  7.678958 2.581526
9.888937  7.658176 2.647500
9.822964  7.678958 2.581526
8.635431  7.678958 2.581526
8.569458  7.658176 2.647500
5.930501  3.699741 1.328021
5.996474  3.678958 1.393995
5.996474  3.678958 2.581526
5.996474  3.678958 2.581526
7.184005  3.678958 2.581526
7.249979  3.699740 2.647500
7.184005  3.678958 2.581526
7.184005  3.678958 1.393995
7.249979  3.699741 1.328021
7.184005  3.678958 1.393995
5.996474  3.678958 1.393995
5.930501  3.699741 1.328021
7.315953  3.678958 1.393995
7.315953  3.678958 2.581526
7.249979  3.699740 2.647500
7.315953  3.678958 2.581526
8.503483  3.678958 2.581526
8.569458  3.699740 2.647500
8.503483  3.678958 2.581526
8.503483  3.678958 1.393995
8.569458  3.699741 1.328021
8.503483  3.678958 1.393995
7.315953  3.678958 1.393995
7.249979  3.699741 1.328021
8.569458  3.699741 1.328021
8.635431  3.678958 1.393995
8.635431  3.678958 2.581526
8.635431  3.678958 2.581526
9.822964  3.678958 2.581526
9.888937  3.699740 2.647500
9.822964  3.678958 2.581526
9.822964  3.678958 1.393995
9.888937  3.699741 1.328021
9.822964  3.678958 1.393995
8.635431  3.678958 1.393995
8.569458  3.699741 1.328021
5.996474  3.678958 2.713474
5.996474  3.678958 3.901004
5.930501  3.699740 3.966979
5.996474  3.678958 3.901004
7.184005  3.678958 3.901004
7.249979  3.699740 3.966979
7.249979  3.699740 3.966979
7.184005  3.678958 3.901004
7.184005  3.678958 2.713474
7.184005  3.678958 2.713474
5.996474  3.678958 2.713474
5.930501  3.699740 2.647500
7.315953  3.678958 2.713474
7.315953  3.678958 3.901004
7.249979  3.699740 3.966979
7.315953  3.678958 3.901004
8.503483  3.678958 3.901004
8.569458  3.699740 3.966979
8.503483  3.678958 3.901004
8.503483  3.678958 2.713474
8.569458  3.699740 2.647500
8.503483  3.678958 2.713474
7.315953  3.678958 2.713474
7.249979  3.699740 2.647500
8.635431  3.678958 2.713474
8.635431  3.678958 3.901004
8.569458  3.699740 3.966979
8.635431  3.678958 3.901004
9.822964  3.678958 3.901004
9.888937  3.699740 3.966979
9.888937  3.699740 3.966979
9.822964  3.678958 3.901004
9.822964  3.678958 2.713474
9.822964  3.678958 2.713474
8.635431  3.678958 2.713474
8.569458  3.699740 2.647500
5.996474  3.678958 4.032952
5.996474  3.678958 5.220483
5.930501  3.699740 5.286457
5.996474  3.678958 5.220483
7.184005  3.678958 5.220483
7.249979  3.699740 5.286457
7.184005  3.678958 5.220483
7.184005  3.678958 4.032952
7.249979  3.699740 3.966979
7.184005  3.678958 4.032952
5.996474  3.678958 4.032952
5.930501  3.699740 3.966979
7.315953  3.678958 4.032952
7.315953  3.678958 5.220483
7.249979  3.699740 5.286457
7.315953  3.678958 5.220483
8.503483  3.678958 5.220483
8.569458  3.699740 5.286457
8.503483  3.678958 5.220483
8.503483  3.678958 4.032952
8.569458  3.699740 3.966979
8.503483  3.678958 4.032952
7.315953  3.678958 4.032952
7.249979  3.699740 3.966979
8.635431  3.678958 4.032952
8.635431  3.678958 5.220483
8.569458  3.699740 5.286457
8.635431  3.678958 5.220483
9.822964  3.678958 5.220483
9.888937  3.699740 5.286457
9.822964  3.678958 5.220483
9.822964  3.678958 4.032952
9.888937  3.699740 3.966979
9.822964  3.678958 4.032952
8.635431  3.678958 4.032952
8.569458  3.699740 3.966979
7.184005  3.765714 5.307239
7.184005  4.953245 5.307239
5.996474  3.765714 5.307239
8.503483  3.765714 5.307239
8.503483  4.953245 5.307239
7.315953  3.765714 5.307239
9.822964  3.765714 5.307239
9.822964  4.953245 5.307239
8.635431  3.765714 5.307239
7.184005  5.085193 5.307239
7.184005  6.272724 5.307239
5.996474  5.085193 5.307239
8.503483  5.085193 5.307239
8.503483  6.272724 5.307239
7.315953  5.085193 5.307239
9.822964  5.085193 5.307239
9.822964  6.272724 5.307239
8.635431  5.085193 5.307239
7.184005  6.404672 5.307239
7.184005  7.592203 5.307239
5.996474  6.404672 5.307239
8.503483  6.404672 5.307239
8.503483  7.592203 5.307239
7.315953  6.404672 5.307239
9.822964  6.404672 5.307239
9.822964  7.592203 5.307239
8.635431  6.404672 5.307239
9.909719  3.765714 4.032952
9.909719  4.953245 4.032952
9.909719  3.765714 5.220483
9.909719  3.765714 2.713474
9.909719  4.953245 2.713474
9.909719  3.765714 3.901004
9.909719  3.765714 1.393995
9.909719  4.953245 1.393995
9.909719  3.765714 2.581526
9.909719  5.085193 4.032953
9.909719  6.272724 4.032953
9.909719  5.085193 5.220483
9.909719  5.085193 2.713474
9.909719  6.272724 2.713474
9.909719  5.085193 3.901005
9.909719  5.085193 1.393995
9.909719  6.272724 1.393995
9.909719  5.085193 2.581526
9.909719  6.404672 5.220483
9.909719  6.404672 4.032953
9.909719  7.592203 5.220483
9.909719  6.404672 2.713474
9.909719  7.592203 2.713474
9.909719  6.404672 3.901005
9.909719  6.404672 1.393995
9.909719  7.592203 1.393995
9.909719  6.404672 2.581526
8.635431  3.765714 1.307239
8.635431  4.953245 1.307239
9.822964  3.765714 1.307239
7.315953  3.765714 1.307239
7.315953  4.953245 1.307239
8.503483  3.765714 1.307239
5.996474  3.765714 1.307239
5.996474  4.953245 1.307239
7.184005  3.765714 1.307239
8.635431  5.085194 1.307239
8.635431  6.272724 1.307239
9.822964  5.085194 1.307239
7.315953  5.085194 1.307239
7.315953  6.272724 1.307239
8.503483  5.085194 1.307239
5.996474  5.085194 1.307239
5.996474  6.272724 1.307239
7.184005  5.085194 1.307239
8.635431  6.404672 1.307239
8.635431  7.592203 1.307239
9.822964  6.404672 1.307239
7.315953  6.404672 1.307239
7.315953  7.592203 1.307239
8.503483  6.404672 1.307239
5.996474  6.404672 1.307239
5.996474  7.592203 1.307239
7.184005  6.404672 1.307239
5.909718  3.765714 1.393995
5.909718  3.765714 2.581526
5.909718  4.953245 1.393995
5.909718  3.765714 3.901004
5.909718  4.953245 3.901005
5.909718  3.765714 2.713474
5.909718  3.765714 4.032952
5.909718  3.765714 5.220483
5.909718  4.953245 4.032952
5.909718  5.085193 2.581526
5.909718  6.272724 2.581526
5.909718  5.085193 1.393995
5.909718  5.085193 3.901005
5.909718  6.272724 3.901005
5.909718  5.085193 2.713474
5.909718  5.085193 5.220483
5.909718  6.272724 5.220483
5.909718  5.085193 4.032953
5.909718  6.404672 2.581526
5.909718  7.592203 2.581526
5.909718  6.404672 1.393995
5.909718  6.404672 2.713474
5.909718  6.404672 3.901005
5.909718  7.592203 2.713474
5.909718  6.404672 5.220483
5.909718  7.592203 5.220483
5.909718  6.404672 4.032953
7.184005  7.678958 5.220483
7.184005  7.678958 4.032953
5.996474  7.678958 5.220483
8.503483  7.678958 5.220483
8.503483  7.678958 4.032953
7.315953  7.678958 5.220483
9.822964  7.678958 5.220483
9.822964  7.678958 4.032953
8.635431  7.678958 5.220483
7.184005  7.678958 3.901005
7.184005  7.678958 2.713474
5.996474  7.678958 3.901005
8.503483  7.678958 3.901005
8.503483  7.678958 2.713474
7.315953  7.678958 3.901005
9.822964  7.678958 3.901005
9.822964  7.678958 2.713474
8.635431  7.678958 3.901005
7.184005  7.678958 2.581526
7.184005  7.678958 1.393995
5.996474  7.678958 2.581526
8.503483  7.678958 2.581526
8.503483  7.678958 1.393995
7.315953  7.678958 2.581526
9.822964  7.678958 2.581526
9.822964  7.678958 1.393995
8.635431  7.678958 2.581526
7.184005  3.678958 1.393995
7.184005  3.678958 2.581526
5.996474  3.678958 1.393995
8.503483  3.678958 1.393995
8.503483  3.678958 2.581526
7.315953  3.678958 1.393995
9.822964  3.678958 1.393995
9.822964  3.678958 2.581526
8.635431  3.678958 1.393995
7.184005  3.678958 2.713474
7.184005  3.678958 3.901004
5.996474  3.678958 2.713474
8.503483  3.678958 2.713474
8.503483  3.678958 3.901004
7.315953  3.678958 2.713474
9.822964  3.678958 2.713474
9.822964  3.678958 3.901004
8.635431  3.678958 2.713474
7.184005  3.678958 4.032952
7.184005  3.678958 5.220483
5.996474  3.678958 4.032952
8.503483  3.678958 4.032952
8.503483  3.678958 5.220483
7.315953  3.678958 4.032952
9.822964  3.678958 4.032952
9.822964  3.678958 5.220483
8.635431  3.678958 4.032952
5.930501  3.699740 5.286457
5.996474  3.765714 5.307239
5.930501  5.019219 5.286458
5.930501  5.019219 5.286458
5.996474  4.953245 5.307239
7.249979  5.019219 5.286458
7.249979  3.699740 5.286457
7.249979  5.019219 5.286458
7.184005  3.765714 5.307239
7.249979  3.699740 5.286457
7.184005  3.765714 5.307239
5.930501  3.699740 5.286457
7.249979  3.699740 5.286457
7.315953  3.765714 5.307239
7.249979  5.019219 5.286458
7.249979  5.019219 5.286458
7.315953  4.953245 5.307239
8.569458  5.019219 5.286458
8.569458  3.699740 5.286457
8.569458  5.019219 5.286458
8.503483  3.765714 5.307239
8.569458  3.699740 5.286457
8.503483  3.765714 5.307239
7.249979  3.699740 5.286457
8.569458  3.699740 5.286457
8.635431  3.765714 5.307239
8.569458  5.019219 5.286458
8.569458  5.019219 5.286458
8.635431  4.953245 5.307239
9.888937  5.019219 5.286458
9.888937  3.699740 5.286457
9.888937  5.019219 5.286458
9.822964  3.765714 5.307239
9.888937  3.699740 5.286457
9.822964  3.765714 5.307239
8.569458  3.699740 5.286457
5.930501  5.019219 5.286458
5.996474  5.085193 5.307239
5.930501  6.338698 5.286458
5.930501  6.338698 5.286458
5.996474  6.272724 5.307239
7.249979  6.338698 5.286458
7.249979  6.338698 5.286458
7.184005  6.272724 5.307239
7.249979  5.019219 5.286458
7.249979  5.019219 5.286458
7.184005  5.085193 5.307239
5.930501  5.019219 5.286458
7.249979  5.019219 5.286458
7.315953  5.085193 5.307239
7.249979  6.338698 5.286458
7.249979  6.338698 5.286458
7.315953  6.272724 5.307239
8.569458  6.338698 5.286458
8.569458  6.338698 5.286458
8.503483  6.272724 5.307239
8.569458  5.019219 5.286458
8.569458  5.019219 5.286458
8.503483  5.085193 5.307239
7.249979  5.019219 5.286458
8.569458  5.019219 5.286458
8.635431  5.085193 5.307239
8.569458  6.338698 5.286458
8.569458  6.338698 5.286458
8.635431  6.272724 5.307239
9.888937  6.338698 5.286458
9.888937  6.338698 5.286458
9.822964  6.272724 5.307239
9.888937  5.019219 5.286458
9.888937  5.019219 5.286458
9.822964  5.085193 5.307239
8.569458  5.019219 5.286458
5.930501  6.338698 5.286458
5.996474  6.404672 5.307239
5.930501  7.658176 5.286458
5.930501  7.658176 5.286458
5.996474  7.592203 5.307239
7.249979  7.658176 5.286458
7.249979  7.658176 5.286458
7.184005  7.592203 5.307239
7.249979  6.338698 5.286458
7.249979  6.338698 5.286458
7.184005  6.404672 5.307239
5.930501  6.338698 5.286458
7.249979  6.338698 5.286458
7.315953  6.404672 5.307239
7.249979  7.658176 5.286458
7.249979  7.658176 5.286458
7.315953  7.592203 5.307239
8.569458  7.658176 5.286458
8.569458  6.338698 5.286458
8.569458  7.658176 5.286458
8.503483  6.404672 5.307239
8.569458  6.338698 5.286458
8.503483  6.404672 5.307239
7.249979  6.338698 5.286458
8.569458  6.338698 5.286458
8.635431  6.404672 5.307239
8.569458  7.658176 5.286458
8.569458  7.658176 5.286458
8.635431  7.592203 5.307239
9.888937  7.658176 5.286458
9.888937  7.658176 5.286458
9.822964  7.592203 5.307239
9.888937  6.338698 5.286458
9.888937  6.338698 5.286458
9.822964  6.404672 5.307239
8.569458  6.338698 5.286458
9.888937  3.699740 5.286457
9.909719  3.765714 5.220483
9.888937  5.019219 5.286458
9.888937  5.019219 5.286458
9.909719  4.953245 5.220483
9.888937  5.019219 3.966979
9.888937  5.019219 3.966979
9.909719  4.953245 4.032952
9.888937  3.699740 3.966979
9.888937  3.699740 3.966979
9.909719  3.765714 4.032952
9.888937  3.699740 5.286457
9.888937  3.699740 3.966979
9.909719  3.765714 3.901004
9.888937  5.019219 3.966979
9.888937  5.019219 3.966979
9.909719  4.953245 3.901005
9.888937  5.019219 2.647500
9.888937  3.699740 2.647500
9.888937  5.019219 2.647500
9.909719  3.765714 2.713474
9.888937  3.699740 2.647500
9.909719  3.765714 2.713474
9.888937  3.699740 3.966979
9.888937  3.699740 2.647500
9.909719  3.765714 2.581526
9.888937  5.019219 2.647500
9.888937  5.019219 2.647500
9.909719  4.953245 2.581526
9.888937  5.019219 1.328021
9.888937  3.699741 1.328021
9.888937  5.019219 1.328021
9.909719  3.765714 1.393995
9.888937  3.699741 1.328021
9.909719  3.765714 1.393995
9.888937  3.699740 2.647500
9.888937  5.019219 5.286458
9.909719  5.085193 5.220483
9.888937  6.338698 5.286458
9.888937  6.338698 5.286458
9.909719  6.272724 5.220483
9.888937  6.338698 3.966979
9.888937  6.338698 3.966979
9.909719  6.272724 4.032953
9.888937  5.019219 3.966979
9.888937  5.019219 3.966979
9.909719  5.085193 4.032953
9.888937  5.019219 5.286458
9.888937  5.019219 3.966979
9.909719  5.085193 3.901005
9.888937  6.338698 3.966979
9.888937  6.338698 3.966979
9.909719  6.272724 3.901005
9.888937  6.338698 2.647500
9.888937  5.019219 2.647500
9.888937  6.338698 2.647500
9.909719  5.085193 2.713474
9.888937  5.019219 2.647500
9.909719  5.085193 2.713474
9.888937  5.019219 3.966979
9.888937  5.019219 2.647500
9.909719  5.085193 2.581526
9.888937  6.338698 2.647500
9.888937  6.338698 2.647500
9.909719  6.272724 2.581526
9.888937  6.338698 1.328021
9.888937  5.019219 1.328021
9.888937  6.338698 1.328021
9.909719  5.085193 1.393995
9.888937  5.019219 1.328021
9.909719  5.085193 1.393995
9.888937  5.019219 2.647500
9.888937  6.338698 5.286458
9.909719  6.404672 5.220483
9.888937  7.658176 5.286458
9.888937  7.658176 5.286458
9.909719  7.592203 5.220483
9.888937  7.658176 3.966979
9.888937  6.338698 3.966979
9.888937  7.658176 3.966979
9.909719  6.404672 4.032953
9.888937  6.338698 3.966979
9.909719  6.404672 4.032953
9.888937  6.338698 5.286458
9.888937  6.338698 3.966979
9.909719  6.404672 3.901005
9.888937  7.658176 3.966979
9.888937  7.658176 3.966979
9.909719  7.592203 3.901005
9.888937  7.658176 2.647500
9.888937  6.338698 2.647500
9.888937  7.658176 2.647500
9.909719  6.404672 2.713474
9.888937  6.338698 2.647500
9.909719  6.404672 2.713474
9.888937  6.338698 3.966979
9.888937  6.338698 2.647500
9.909719  6.404672 2.581526
9.888937  7.658176 2.647500
9.888937  7.658176 1.328021
9.888937  7.658176 2.647500
9.909719  7.592203 1.393995
9.888937  6.338698 1.328021
9.888937  7.658176 1.328021
9.909719  6.404672 1.393995
9.888937  6.338698 1.328021
9.909719  6.404672 1.393995
9.888937  6.338698 2.647500
9.888937  5.019219 1.328021
9.888937  3.699741 1.328021
9.822964  4.953245 1.307239
9.888937  5.019219 1.328021
9.822964  4.953245 1.307239
8.569458  5.019219 1.328021
8.569458  5.019219 1.328021
8.635431  4.953245 1.307239
8.569458  3.699741 1.328021
8.569458  3.699741 1.328021
8.635431  3.765714 1.307239
9.888937  3.699741 1.328021
8.569458  5.019219 1.328021
8.569458  3.699741 1.328021
8.503483  4.953245 1.307239
8.569458  5.019219 1.328021
8.503483  4.953245 1.307239
7.249979  5.019219 1.328021
7.249979  5.019219 1.328021
7.315953  4.953245 1.307239
7.249979  3.699741 1.328021
7.249979  3.699741 1.328021
7.315953  3.765714 1.307239
8.569458  3.699741 1.328021
7.249979  5.019219 1.328021
7.249979  3.699741 1.328021
7.184005  4.953245 1.307239
7.249979  5.019219 1.328021
7.184005  4.953245 1.307239
5.930501  5.019219 1.328021
5.930501  5.019219 1.328021
5.996474  4.953245 1.307239
5.930501  3.699741 1.328021
5.930501  3.699741 1.328021
5.996474  3.765714 1.307239
7.249979  3.699741 1.328021
9.888937  5.019219 1.328021
9.822964  5.085194 1.307239
9.888937  6.338698 1.328021
9.888937  6.338698 1.328021
9.822964  6.272724 1.307239
8.569458  6.338698 1.328021
8.569458  5.019219 1.328021
8.569458  6.338698 1.328021
8.635431  5.085194 1.307239
8.569458  5.019219 1.328021
8.635431  5.085194 1.307239
9.888937  5.019219 1.328021
8.569458  5.019219 1.328021
8.503483  5.085194 1.307239
8.569458  6.338698 1.328021
8.569458  6.338698 1.328021
8.503483  6.272724 1.307239
7.249979  6.338698 1.328021
7.249979  5.019219 1.328021
7.249979  6.338698 1.328021
7.315953  5.085194 1.307239
7.249979  5.019219 1.328021
7.315953  5.085194 1.307239
8.569458  5.019219 1.328021
7.249979  5.019219 1.328021
7.184005  5.085194 1.307239
7.249979  6.338698 1.328021
7.249979  6.338698 1.328021
7.184005  6.272724 1.307239
5.930501  6.338698 1.328021
5.930501  5.019219 1.328021
5.930501  6.338698 1.328021
5.996474  5.085194 1.307239
5.930501  5.019219 1.328021
5.996474  5.085194 1.307239
7.249979  5.019219 1.328021
9.888937  6.338698 1.328021
9.822964  6.404672 1.307239
9.888937  7.658176 1.328021
9.888937  7.658176 1.328021
9.822964  7.592203 1.307239
8.569458  7.658176 1.328021
8.569458  6.338698 1.328021
8.569458  7.658176 1.328021
8.635431  6.404672 1.307239
8.569458  6.338698 1.328021
8.635431  6.404672 1.307239
9.888937  6.338698 1.328021
8.569458  6.338698 1.328021
8.503483  6.404672 1.307239
8.569458  7.658176 1.328021
8.569458  7.658176 1.328021
8.503483  7.592203 1.307239
7.249979  7.658176 1.328021
7.249979  6.338698 1.328021
7.249979  7.658176 1.328021
7.315953  6.404672 1.307239
7.249979  6.338698 1.328021
7.315953  6.404672 1.307239
8.569458  6.338698 1.328021
7.249979  6.338698 1.328021
7.184005  6.404672 1.307239
7.249979  7.658176 1.328021
7.249979  7.658176 1.328021
7.184005  7.592203 1.307239
5.930501  7.658176 1.328021
5.930501  7.658176 1.328021
5.996474  7.592203 1.307239
5.930501  6.338698 1.328021
5.930501  6.338698 1.328021
5.996474  6.404672 1.307239
7.249979  6.338698 1.328021
5.930501  5.019219 1.328021
5.930501  3.699741 1.328021
5.909718  4.953245 1.393995
5.930501  5.019219 1.328021
5.909718  4.953245 1.393995
5.930501  5.019219 2.647500
5.930501  3.699740 2.647500
5.930501  5.019219 2.647500
5.909718  3.765714 2.581526
5.930501  3.699741 1.328021
5.930501  3.699740 2.647500
5.909718  3.765714 1.393995
5.930501  3.699740 2.647500
5.909718  3.765714 2.713474
5.930501  5.019219 2.647500
5.930501  5.019219 2.647500
5.909718  4.953245 2.713474
5.930501  5.019219 3.966979
5.930501  5.019219 3.966979
5.909718  4.953245 3.901005
5.930501  3.699740 3.966979
5.930501  3.699740 3.966979
5.909718  3.765714 3.901004
5.930501  3.699740 2.647500
5.930501  3.699740 3.966979
5.909718  3.765714 4.032952
5.930501  5.019219 3.966979
5.930501  5.019219 5.286458
5.930501  5.019219 3.966979
5.909718  4.953245 5.220483
5.930501  5.019219 5.286458
5.909718  4.953245 5.220483
5.930501  3.699740 5.286457
5.930501  3.699740 5.286457
5.909718  3.765714 5.220483
5.930501  3.699740 3.966979
5.930501  5.019219 1.328021
5.909718  5.085193 1.393995
5.930501  6.338698 1.328021
5.930501  6.338698 1.328021
5.909718  6.272724 1.393995
5.930501  6.338698 2.647500
5.930501  5.019219 2.647500
5.930501  6.338698 2.647500
5.909718  5.085193 2.581526
5.930501  5.019219 1.328021
5.930501  5.019219 2.647500
5.909718  5.085193 1.393995
5.930501  5.019219 2.647500
5.909718  5.085193 2.713474
5.930501  6.338698 2.647500
5.930501  6.338698 3.966979
5.930501  6.338698 2.647500
5.909718  6.272724 3.901005
5.930501  6.338698 3.966979
5.909718  6.272724 3.901005
5.930501  5.019219 3.966979
5.930501  5.019219 3.966979
5.909718  5.085193 3.901005
5.930501  5.019219 2.647500
5.930501  5.019219 3.966979
5.909718  5.085193 4.032953
5.930501  6.338698 3.966979
5.930501  6.338698 3.966979
5.909718  6.272724 4.032953
5.930501  6.338698 5.286458
5.930501  5.019219 5.286458
5.930501  6.338698 5.286458
5.909718  5.085193 5.220483
5.930501  5.019219 5.286458
5.909718  5.085193 5.220483
5.930501  5.019219 3.966979
5.930501  6.338698 1.328021
5.909718  6.404672 1.393995
5.930501  7.658176 1.328021
5.930501  7.658176 1.328021
5.909718  7.592203 1.393995
5.930501  7.658176 2.647500
5.930501  6.338698 2.647500
5.930501  7.658176 2.647500
5.909718  6.404672 2.581526
5.930501  6.338698 2.647500
5.909718  6.404672 2.581526
5.930501  6.338698 1.328021
5.930501  6.338698 2.647500
5.909718  6.404672 2.713474
5.930501  7.658176 2.647500
5.930501  7.658176 2.647500
5.909718  7.592203 2.713474
5.930501  7.658176 3.966979
5.930501  7.658176 3.966979
5.909718  7.592203 3.901005
5.930501  6.338698 3.966979
5.930501  6.338698 3.966979
5.909718  6.404672 3.901005
5.930501  6.338698 2.647500
5.930501  6.338698 3.966979
5.909718  6.404672 4.032953
5.930501  7.658176 3.966979
5.930501  7.658176 3.966979
5.909718  7.592203 4.032953
5.930501  7.658176 5.286458
5.930501  6.338698 5.286458
5.930501  7.658176 5.286458
5.909718  6.404672 5.220483
5.930501  6.338698 5.286458
5.909718  6.404672 5.220483
5.930501  6.338698 3.966979
5.930501  7.658176 5.286458
5.996474  7.678958 5.220483
5.930501  7.658176 3.966979
5.930501  7.658176 3.966979
5.996474  7.678958 4.032953
7.249979  7.658176 3.966979
7.249979  7.658176 3.966979
7.184005  7.678958 4.032953
7.249979  7.658176 5.286458
7.249979  7.658176 5.286458
7.184005  7.678958 5.220483
5.930501  7.658176 5.286458
7.249979  7.658176 5.286458
7.315953  7.678958 5.220483
7.249979  7.658176 3.966979
7.249979  7.658176 3.966979
7.315953  7.678958 4.032953
8.569458  7.658176 3.966979
8.569458  7.658176 3.966979
8.503483  7.678958 4.032953
8.569458  7.658176 5.286458
8.569458  7.658176 5.286458
8.503483  7.678958 5.220483
7.249979  7.658176 5.286458
8.569458  7.658176 5.286458
8.635431  7.678958 5.220483
8.569458  7.658176 3.966979
8.569458  7.658176 3.966979
8.635431  7.678958 4.032953
9.888937  7.658176 3.966979
9.888937  7.658176 3.966979
9.822964  7.678958 4.032953
9.888937  7.658176 5.286458
9.888937  7.658176 5.286458
9.822964  7.678958 5.220483
8.569458  7.658176 5.286458
5.930501  7.658176 2.647500
5.930501  7.658176 3.966979
5.996474  7.678958 2.713474
5.930501  7.658176 2.647500
5.996474  7.678958 2.713474
7.249979  7.658176 2.647500
7.249979  7.658176 2.647500
7.184005  7.678958 2.713474
7.249979  7.658176 3.966979
7.249979  7.658176 3.966979
7.184005  7.678958 3.901005
5.930501  7.658176 3.966979
7.249979  7.658176 3.966979
7.315953  7.678958 3.901005
7.249979  7.658176 2.647500
7.249979  7.658176 2.647500
7.315953  7.678958 2.713474
8.569458  7.658176 2.647500
8.569458  7.658176 2.647500
8.503483  7.678958 2.713474
8.569458  7.658176 3.966979
8.569458  7.658176 3.966979
8.503483  7.678958 3.901005
7.249979  7.658176 3.966979
8.569458  7.658176 2.647500
8.569458  7.658176 3.966979
8.635431  7.678958 2.713474
8.569458  7.658176 2.647500
8.635431  7.678958 2.713474
9.888937  7.658176 2.647500
9.888937  7.658176 2.647500
9.822964  7.678958 2.713474
9.888937  7.658176 3.966979
9.888937  7.658176 3.966979
9.822964  7.678958 3.901005
8.569458  7.658176 3.966979
5.930501  7.658176 1.328021
5.930501  7.658176 2.647500
5.996474  7.678958 1.393995
5.930501  7.658176 1.328021
5.996474  7.678958 1.393995
7.249979  7.658176 1.328021
7.249979  7.658176 1.328021
7.184005  7.678958 1.393995
7.249979  7.658176 2.647500
7.249979  7.658176 2.647500
7.184005  7.678958 2.581526
5.930501  7.658176 2.647500
7.249979  7.658176 1.328021
7.249979  7.658176 2.647500
7.315953  7.678958 1.393995
7.249979  7.658176 1.328021
7.315953  7.678958 1.393995
8.569458  7.658176 1.328021
8.569458  7.658176 1.328021
8.503483  7.678958 1.393995
8.569458  7.658176 2.647500
8.569458  7.658176 2.647500
8.503483  7.678958 2.581526
7.249979  7.658176 2.647500
8.569458  7.658176 1.328021
8.569458  7.658176 2.647500
8.635431  7.678958 1.393995
8.569458  7.658176 1.328021
8.635431  7.678958 1.393995
9.888937  7.658176 1.328021
9.888937  7.658176 1.328021
9.822964  7.678958 1.393995
9.888937  7.658176 2.647500
9.888937  7.658176 2.647500
9.822964  7.678958 2.581526
8.569458  7.658176 2.647500
5.930501  3.699740 2.647500
5.930501  3.699741 1.328021
5.996474  3.678958 2.581526
5.930501  3.699740 2.647500
5.996474  3.678958 2.581526
7.249979  3.699740 2.647500
7.249979  3.699740 2.647500
7.184005  3.678958 2.581526
7.249979  3.699741 1.328021
7.249979  3.699741 1.328021
7.184005  3.678958 1.393995
5.930501  3.699741 1.328021
7.249979  3.699741 1.328021
7.315953  3.678958 1.393995
7.249979  3.699740 2.647500
7.249979  3.699740 2.647500
7.315953  3.678958 2.581526
8.569458  3.699740 2.647500
8.569458  3.699740 2.647500
8.503483  3.678958 2.581526
8.569458  3.699741 1.328021
8.569458  3.699741 1.328021
8.503483  3.678958 1.393995
7.249979  3.699741 1.328021
8.569458  3.699740 2.647500
8.569458  3.699741 1.328021
8.635431  3.678958 2.581526
8.569458  3.699740 2.647500
8.635431  3.678958 2.581526
9.888937  3.699740 2.647500
9.888937  3.699740 2.647500
9.822964  3.678958 2.581526
9.888937  3.699741 1.328021
9.888937  3.699741 1.328021
9.822964  3.678958 1.393995
8.569458  3.699741 1.328021
5.930501  3.699740 2.647500
5.996474  3.678958 2.713474
5.930501  3.699740 3.966979
5.930501  3.699740 3.966979
5.996474  3.678958 3.901004
7.249979  3.699740 3.966979
7.249979  3.699740 2.647500
7.249979  3.699740 3.966979
7.184005  3.678958 2.713474
7.249979  3.699740 2.647500
7.184005  3.678958 2.713474
5.930501  3.699740 2.647500
7.249979  3.699740 2.647500
7.315953  3.678958 2.713474
7.249979  3.699740 3.966979
7.249979  3.699740 3.966979
7.315953  3.678958 3.901004
8.569458  3.699740 3.966979
8.569458  3.699740 3.966979
8.503483  3.678958 3.901004
8.569458  3.699740 2.647500
8.569458  3.699740 2.647500
8.503483  3.678958 2.713474
7.249979  3.699740 2.647500
8.569458  3.699740 2.647500
8.635431  3.678958 2.713474
8.569458  3.699740 3.966979
8.569458  3.699740 3.966979
8.635431  3.678958 3.901004
9.888937  3.699740 3.966979
9.888937  3.699740 2.647500
9.888937  3.699740 3.966979
9.822964  3.678958 2.713474
9.888937  3.699740 2.647500
9.822964  3.678958 2.713474
8.569458  3.699740 2.647500
5.930501  3.699740 3.966979
5.996474  3.678958 4.032952
5.930501  3.699740 5.286457
5.930501  3.699740 5.286457
5.996474  3.678958 5.220483
7.249979  3.699740 5.286457
7.249979  3.699740 5.286457
7.184005  3.678958 5.220483
7.249979  3.699740 3.966979
7.249979  3.699740 3.966979
7.184005  3.678958 4.032952
5.930501  3.699740 3.966979
7.249979  3.699740 3.966979
7.315953  3.678958 4.032952
7.249979  3.699740 5.286457
7.249979  3.699740 5.286457
7.315953  3.678958 5.220483
8.569458  3.699740 5.286457
8.569458  3.699740 5.286457
8.503483  3.678958 5.220483
8.569458  3.699740 3.966979
8.569458  3.699740 3.966979
8.503483  3.678958 4.032952
7.249979  3.699740 3.966979
8.569458  3.699740 3.966979
8.635431  3.678958 4.032952
8.569458  3.699740 5.286457
8.569458  3.699740 5.286457
8.635431  3.678958 5.220483
9.888937  3.699740 5.286457
9.888937  3.699740 5.286457
9.822964  3.678958 5.220483
9.888937  3.699740 3.966979
9.888937  3.699740 3.966979
9.822964  3.678958 4.032952
8.569458  3.699740 3.966979
