977 540

7.184005 4.953245 5.307239 0.894444 0.105556 0.0 0.0 1.0 
5.996474 4.953245 5.307239 0.894444 0.005556 0.0 0.0 1.0 
5.996474 3.765714 5.307239 0.994444 0.005556 0.0 0.0 1.0 
8.503483 4.953245 5.307239 0.894444 0.216667 0.0 0.0 1.0 
7.315953 4.953245 5.307239 0.894444 0.116667 0.0 0.0 1.0 
7.315953 3.765714 5.307239 0.994444 0.116667 0.0 0.0 1.0 
9.822964 4.953245 5.307239 0.894444 0.327778 0.0 0.0 1.0 
8.635431 4.953245 5.307239 0.894444 0.227778 0.0 0.0 1.0 
8.635431 3.765714 5.307239 0.994444 0.227778 0.0 0.0 1.0 
7.184005 6.272724 5.307239 0.783333 0.105556 0.0 0.0 1.0 
5.996474 6.272724 5.307239 0.783333 0.005556 0.0 0.0 1.0 
5.996474 5.085193 5.307239 0.883333 0.005556 0.0 0.0 1.0 
8.503483 6.272724 5.307239 0.783333 0.216667 0.0 0.0 1.0 
7.315953 6.272724 5.307239 0.783333 0.116667 0.0 0.0 1.0 
7.315953 5.085193 5.307239 0.883333 0.116667 0.0 0.0 1.0 
9.822964 6.272724 5.307239 0.783333 0.327778 0.0 0.0 1.0 
8.635431 6.272724 5.307239 0.783333 0.227778 0.0 0.0 1.0 
8.635431 5.085193 5.307239 0.883333 0.227778 0.0 0.0 1.0 
7.184005 7.592203 5.307239 0.672222 0.105556 0.0 0.0 1.0 
5.996474 7.592203 5.307239 0.672222 0.005556 0.0 0.0 1.0 
5.996474 6.404672 5.307239 0.772222 0.005556 0.0 0.0 1.0 
8.503483 7.592203 5.307239 0.672222 0.216667 0.0 0.0 1.0 
7.315953 7.592203 5.307239 0.672222 0.116667 0.0 0.0 1.0 
7.315953 6.404672 5.307239 0.772222 0.116667 0.0 0.0 1.0 
9.822964 7.592203 5.307239 0.672222 0.327778 0.0 0.0 1.0 
8.635431 7.592203 5.307239 0.672222 0.227778 0.0 0.0 1.0 
8.635431 6.404672 5.307239 0.772222 0.227778 0.0 0.0 1.0 
9.909719 4.953245 4.032952 0.227778 0.105556 1.0 0.0 0.0 
9.909719 4.953245 5.220483 0.227778 0.005556 1.0 0.0 0.0 
9.909719 3.765714 5.220483 0.327778 0.005556 1.0 0.0 0.0 
9.909719 4.953245 2.713474 0.227778 0.216667 1.0 0.0 0.0 
9.909719 4.953245 3.901005 0.227778 0.116667 1.0 0.0 0.0 
9.909719 3.765714 3.901004 0.327778 0.116667 1.0 0.0 0.0 
9.909719 4.953245 1.393995 0.227778 0.327778 1.0 0.0 0.0 
9.909719 4.953245 2.581526 0.227778 0.227778 1.0 0.0 0.0 
9.909719 3.765714 2.581526 0.327778 0.227778 1.0 0.0 0.0 
9.909719 6.272724 4.032953 0.116667 0.105556 1.0 0.0 0.0 
9.909719 6.272724 5.220483 0.116667 0.005556 1.0 0.0 0.0 
9.909719 5.085193 5.220483 0.216667 0.005556 1.0 0.0 0.0 
9.909719 6.272724 2.713474 0.116667 0.216667 1.0 0.0 0.0 
9.909719 6.272724 3.901005 0.116667 0.116667 1.0 0.0 0.0 
9.909719 5.085193 3.901005 0.216667 0.116667 1.0 0.0 0.0 
9.909719 6.272724 1.393995 0.116667 0.327778 1.0 0.0 0.0 
9.909719 6.272724 2.581526 0.116667 0.227778 1.0 0.0 0.0 
9.909719 5.085193 2.581526 0.216667 0.227778 1.0 0.0 0.0 
9.909719 6.404672 4.032953 0.105556 0.105556 1.0 0.0 0.0 
9.909719 7.592203 4.032953 0.005556 0.105556 1.0 0.0 0.0 
9.909719 7.592203 5.220483 0.005556 0.005556 1.0 0.0 0.0 
9.909719 7.592203 2.713474 0.005556 0.216667 1.0 0.0 0.0 
9.909719 7.592203 3.901005 0.005556 0.116667 1.0 0.0 0.0 
9.909719 6.404672 3.901005 0.105556 0.116667 1.0 0.0 0.0 
9.909719 7.592203 1.393995 0.005556 0.327778 1.0 0.0 0.0 
9.909719 7.592203 2.581526 0.005556 0.227778 1.0 0.0 0.0 
9.909719 6.404672 2.581526 0.105556 0.227778 1.0 0.0 0.0 
8.635431 4.953245 1.307239 0.227778 0.772222 0.0 0.0 -1.0 
9.822964 4.953245 1.307239 0.227778 0.672222 0.0 0.0 -1.0 
9.822964 3.765714 1.307239 0.327778 0.672222 0.0 0.0 -1.0 
7.315953 4.953245 1.307239 0.227778 0.883333 0.0 0.0 -1.0 
8.503483 4.953245 1.307239 0.227778 0.783333 0.0 0.0 -1.0 
8.503483 3.765714 1.307239 0.327778 0.783333 0.0 0.0 -1.0 
5.996474 4.953245 1.307239 0.227778 0.994444 0.0 0.0 -1.0 
7.184005 4.953245 1.307239 0.227778 0.894444 0.0 0.0 -1.0 
7.184005 3.765714 1.307239 0.327778 0.894444 0.0 0.0 -1.0 
8.635431 6.272724 1.307239 0.116667 0.772222 0.0 0.0 -1.0 
9.822964 6.272724 1.307239 0.116667 0.672222 0.0 0.0 -1.0 
9.822964 5.085194 1.307239 0.216667 0.672222 0.0 0.0 -1.0 
7.315953 6.272724 1.307239 0.116667 0.883333 0.0 0.0 -1.0 
8.503483 6.272724 1.307239 0.116667 0.783333 0.0 0.0 -1.0 
8.503483 5.085194 1.307239 0.216667 0.783333 0.0 0.0 -1.0 
5.996474 6.272724 1.307239 0.116667 0.994444 0.0 0.0 -1.0 
7.184005 6.272724 1.307239 0.116667 0.894444 0.0 0.0 -1.0 
7.184005 5.085194 1.307239 0.216667 0.894444 0.0 0.0 -1.0 
8.635431 7.592203 1.307239 0.005556 0.772222 0.0 0.0 -1.0 
9.822964 7.592203 1.307239 0.005556 0.672222 0.0 0.0 -1.0 
9.822964 6.404672 1.307239 0.105555 0.672222 0.0 0.0 -1.0 
7.315953 7.592203 1.307239 0.005556 0.883333 0.0 0.0 -1.0 
8.503483 7.592203 1.307239 0.005556 0.783333 0.0 0.0 -1.0 
8.503483 6.404672 1.307239 0.105555 0.783333 0.0 0.0 -1.0 
5.996474 7.592203 1.307239 0.005556 0.994444 0.0 0.0 -1.0 
7.184005 7.592203 1.307239 0.005556 0.894444 0.0 0.0 -1.0 
7.184005 6.404672 1.307239 0.105555 0.894444 0.0 0.0 -1.0 
5.909718 3.765714 2.581526 0.327778 0.438889 -1.0 0.0 0.0 
5.909718 4.953245 2.581526 0.227778 0.438889 -1.0 0.0 0.0 
5.909718 4.953245 1.393995 0.227778 0.338889 -1.0 0.0 0.0 
5.909718 4.953245 3.901005 0.227778 0.55 -1.0 0.0 0.0 
5.909718 4.953245 2.713474 0.227778 0.45 -1.0 0.0 0.0 
5.909718 3.765714 2.713474 0.327778 0.45 -1.0 0.0 0.0 
5.909718 3.765714 5.220483 0.327778 0.661111 -1.0 0.0 0.0 
5.909718 4.953245 5.220483 0.227778 0.661111 -1.0 0.0 0.0 
5.909718 4.953245 4.032952 0.227778 0.561111 -1.0 0.0 0.0 
5.909718 6.272724 2.581526 0.116667 0.438889 -1.0 0.0 0.0 
5.909718 6.272724 1.393995 0.116667 0.338889 -1.0 0.0 0.0 
5.909718 5.085193 1.393995 0.216667 0.338889 -1.0 0.0 0.0 
5.909718 6.272724 3.901005 0.116667 0.55 -1.0 0.0 0.0 
5.909718 6.272724 2.713474 0.116667 0.45 -1.0 0.0 0.0 
5.909718 5.085193 2.713474 0.216667 0.45 -1.0 0.0 0.0 
5.909718 6.272724 5.220483 0.116667 0.661111 -1.0 0.0 0.0 
5.909718 6.272724 4.032953 0.116667 0.561111 -1.0 0.0 0.0 
5.909718 5.085193 4.032953 0.216667 0.561111 -1.0 0.0 0.0 
5.909718 7.592203 2.581526 0.005556 0.438889 -1.0 0.0 0.0 
5.909718 7.592203 1.393995 0.005556 0.338889 -1.0 0.0 0.0 
5.909718 6.404672 1.393995 0.105556 0.338889 -1.0 0.0 0.0 
5.909718 6.404672 3.901005 0.105556 0.55 -1.0 0.0 0.0 
5.909718 7.592203 3.901005 0.005556 0.55 -1.0 0.0 0.0 
5.909718 7.592203 2.713474 0.005556 0.45 -1.0 0.0 0.0 
5.909718 7.592203 5.220483 0.005556 0.661111 -1.0 0.0 0.0 
5.909718 7.592203 4.032953 0.005556 0.561111 -1.0 0.0 0.0 
5.909718 6.404672 4.032953 0.105556 0.561111 -1.0 0.0 0.0 
7.184005 7.678958 4.032953 0.438889 0.105556 0.0 1.0 0.0 
5.996474 7.678958 4.032953 0.338889 0.105556 0.0 1.0 0.0 
5.996474 7.678958 5.220483 0.338889 0.005556 0.0 1.0 0.0 
8.503483 7.678958 4.032953 0.55 0.105556 0.0 1.0 0.0 
7.315953 7.678958 4.032953 0.45 0.105556 0.0 1.0 0.0 
7.315953 7.678958 5.220483 0.45 0.005556 0.0 1.0 0.0 
9.822964 7.678958 4.032953 0.661111 0.105556 0.0 1.0 0.0 
8.635431 7.678958 4.032953 0.561111 0.105556 0.0 1.0 0.0 
8.635431 7.678958 5.220483 0.561111 0.005556 0.0 1.0 0.0 
7.184005 7.678958 2.713474 0.438889 0.216667 0.0 1.0 0.0 
5.996474 7.678958 2.713474 0.338889 0.216667 0.0 1.0 0.0 
5.996474 7.678958 3.901005 0.338889 0.116667 0.0 1.0 0.0 
8.503483 7.678958 2.713474 0.55 0.216667 0.0 1.0 0.0 
7.315953 7.678958 2.713474 0.45 0.216667 0.0 1.0 0.0 
7.315953 7.678958 3.901005 0.45 0.116667 0.0 1.0 0.0 
9.822964 7.678958 2.713474 0.661111 0.216667 0.0 1.0 0.0 
8.635431 7.678958 2.713474 0.561111 0.216667 0.0 1.0 0.0 
8.635431 7.678958 3.901005 0.561111 0.116667 0.0 1.0 0.0 
7.184005 7.678958 1.393995 0.438889 0.327778 0.0 1.0 0.0 
5.996474 7.678958 1.393995 0.338889 0.327778 0.0 1.0 0.0 
5.996474 7.678958 2.581526 0.338889 0.227778 0.0 1.0 0.0 
8.503483 7.678958 1.393995 0.55 0.327778 0.0 1.0 0.0 
7.315953 7.678958 1.393995 0.45 0.327778 0.0 1.0 0.0 
7.315953 7.678958 2.581526 0.45 0.227778 0.0 1.0 0.0 
9.822964 7.678958 1.393995 0.661111 0.327778 0.0 1.0 0.0 
8.635431 7.678958 1.393995 0.561111 0.327778 0.0 1.0 0.0 
8.635431 7.678958 2.581526 0.561111 0.227778 0.0 1.0 0.0 
7.184005 3.678958 2.581526 0.561111 0.561111 0.0 -1.0 0.0 
5.996474 3.678958 2.581526 0.661111 0.561111 0.0 -1.0 0.0 
5.996474 3.678958 1.393995 0.661111 0.661111 0.0 -1.0 0.0 
8.503483 3.678958 2.581526 0.45 0.561111 0.0 -1.0 0.0 
7.315953 3.678958 2.581526 0.55 0.561111 0.0 -1.0 0.0 
7.315953 3.678958 1.393995 0.55 0.661111 0.0 -1.0 0.0 
9.822964 3.678958 2.581526 0.338889 0.561111 0.0 -1.0 0.0 
8.635431 3.678958 2.581526 0.438889 0.561111 0.0 -1.0 0.0 
8.635431 3.678958 1.393995 0.438889 0.661111 0.0 -1.0 0.0 
7.184005 3.678958 3.901004 0.561111 0.45 0.0 -1.0 0.0 
5.996474 3.678958 3.901004 0.661111 0.45 0.0 -1.0 0.0 
5.996474 3.678958 2.713474 0.661111 0.55 0.0 -1.0 0.0 
8.503483 3.678958 3.901004 0.45 0.45 0.0 -1.0 0.0 
7.315953 3.678958 3.901004 0.55 0.45 0.0 -1.0 0.0 
7.315953 3.678958 2.713474 0.55 0.55 0.0 -1.0 0.0 
9.822964 3.678958 3.901004 0.338889 0.45 0.0 -1.0 0.0 
8.635431 3.678958 3.901004 0.438889 0.45 0.0 -1.0 0.0 
8.635431 3.678958 2.713474 0.438889 0.55 0.0 -1.0 0.0 
7.184005 3.678958 5.220483 0.561111 0.338889 0.0 -1.0 0.0 
5.996474 3.678958 5.220483 0.661111 0.338889 0.0 -1.0 0.0 
5.996474 3.678958 4.032952 0.661111 0.438889 0.0 -1.0 0.0 
8.503483 3.678958 5.220483 0.45 0.338889 0.0 -1.0 0.0 
7.315953 3.678958 5.220483 0.55 0.338889 0.0 -1.0 0.0 
7.315953 3.678958 4.032952 0.55 0.438889 0.0 -1.0 0.0 
9.822964 3.678958 5.220483 0.338889 0.338889 0.0 -1.0 0.0 
8.635431 3.678958 5.220483 0.438889 0.338889 0.0 -1.0 0.0 
8.635431 3.678958 4.032952 0.438889 0.438889 0.0 -1.0 0.0 
5.996474 3.765714 5.307239 0.994444 0.005556 -0.3005 -0.0 0.9538 
5.996474 4.953245 5.307239 0.894444 0.005556 -0.3004 0.0 0.9538 
5.930501 5.019219 5.286458 0.888889 0.0 -0.3004 0.0 0.9538 
5.996474 4.953245 5.307239 0.894444 0.005556 0.0 0.3004 0.9538 
7.184005 4.953245 5.307239 0.894444 0.105556 0.0 0.3004 0.9538 
7.249979 5.019219 5.286458 0.888889 0.111111 0.0 0.3004 0.9538 
7.249979 5.019219 5.286458 0.888889 0.111111 0.3004 -0.0 0.9538 
7.184005 4.953245 5.307239 0.894444 0.105556 0.3004 -0.0 0.9538 
7.184005 3.765714 5.307239 0.994444 0.105556 0.3005 -0.0 0.9538 
7.184005 3.765714 5.307239 0.994444 0.105556 0.0 -0.3005 0.9538 
5.996474 3.765714 5.307239 0.994444 0.005556 0.0 -0.3004 0.9538 
5.930501 3.69974 5.286457 1.0 0.0 0.0 -0.3004 0.9538 
7.315953 3.765714 5.307239 0.994444 0.116667 -0.3005 -0.0 0.9538 
7.315953 4.953245 5.307239 0.894444 0.116667 -0.3004 0.0 0.9538 
7.249979 5.019219 5.286458 0.888889 0.111111 -0.3004 0.0 0.9538 
7.315953 4.953245 5.307239 0.894444 0.116667 0.0 0.3004 0.9538 
8.503483 4.953245 5.307239 0.894444 0.216667 0.0 0.3004 0.9538 
8.569458 5.019219 5.286458 0.888889 0.222222 0.0 0.3004 0.9538 
8.569458 5.019219 5.286458 0.888889 0.222222 0.3004 -0.0 0.9538 
8.503483 4.953245 5.307239 0.894444 0.216667 0.3004 -0.0 0.9538 
8.503483 3.765714 5.307239 0.994444 0.216667 0.3004 -0.0 0.9538 
8.503483 3.765714 5.307239 0.994444 0.216667 0.0 -0.3005 0.9538 
7.315953 3.765714 5.307239 0.994444 0.116667 0.0 -0.3004 0.9538 
7.249979 3.69974 5.286457 1.0 0.111111 0.0 -0.3004 0.9538 
8.635431 3.765714 5.307239 0.994444 0.227778 -0.3005 -0.0 0.9538 
8.635431 4.953245 5.307239 0.894444 0.227778 -0.3004 0.0 0.9538 
8.569458 5.019219 5.286458 0.888889 0.222222 -0.3004 0.0 0.9538 
8.635431 4.953245 5.307239 0.894444 0.227778 0.0 0.3004 0.9538 
9.822964 4.953245 5.307239 0.894444 0.327778 0.0 0.3004 0.9538 
9.888937 5.019219 5.286458 0.888889 0.333333 0.0 0.3004 0.9538 
9.888937 5.019219 5.286458 0.888889 0.333333 0.3004 -0.0 0.9538 
9.822964 4.953245 5.307239 0.894444 0.327778 0.3004 -0.0 0.9538 
9.822964 3.765714 5.307239 0.994444 0.327778 0.3005 -0.0 0.9538 
9.822964 3.765714 5.307239 0.994444 0.327778 0.0 -0.3004 0.9538 
8.635431 3.765714 5.307239 0.994444 0.227778 0.0 -0.3005 0.9538 
8.569458 3.69974 5.286457 1.0 0.222222 0.0 -0.3005 0.9538 
5.996474 5.085193 5.307239 0.883333 0.005556 -0.3004 0.0 0.9538 
5.996474 6.272724 5.307239 0.783333 0.005556 -0.3005 -0.0 0.9538 
5.930501 6.338698 5.286458 0.777778 0.0 -0.3005 -0.0 0.9538 
5.996474 6.272724 5.307239 0.783333 0.005556 0.0 0.3004 0.9538 
7.184005 6.272724 5.307239 0.783333 0.105556 0.0 0.3004 0.9538 
7.249979 6.338698 5.286458 0.777778 0.111111 0.0 0.3004 0.9538 
7.184005 6.272724 5.307239 0.783333 0.105556 0.3004 -0.0 0.9538 
7.184005 5.085193 5.307239 0.883333 0.105556 0.3005 -0.0 0.9538 
7.249979 5.019219 5.286458 0.888889 0.111111 0.3005 -0.0 0.9538 
7.184005 5.085193 5.307239 0.883333 0.105556 0.0 -0.3004 0.9538 
5.996474 5.085193 5.307239 0.883333 0.005556 0.0 -0.3004 0.9538 
5.930501 5.019219 5.286458 0.888889 0.0 0.0 -0.3004 0.9538 
7.315953 5.085193 5.307239 0.883333 0.116667 -0.3004 0.0 0.9538 
7.315953 6.272724 5.307239 0.783333 0.116667 -0.3004 0.0 0.9538 
7.249979 6.338698 5.286458 0.777778 0.111111 -0.3004 0.0 0.9538 
7.315953 6.272724 5.307239 0.783333 0.116667 0.0 0.3004 0.9538 
8.503483 6.272724 5.307239 0.783333 0.216667 0.0 0.3004 0.9538 
8.569458 6.338698 5.286458 0.777778 0.222222 0.0 0.3004 0.9538 
8.503483 6.272724 5.307239 0.783333 0.216667 0.3004 -0.0 0.9538 
8.503483 5.085193 5.307239 0.883333 0.216667 0.3004 -0.0 0.9538 
8.503483 5.085193 5.307239 0.883333 0.216667 0.0 -0.3004 0.9538 
7.315953 5.085193 5.307239 0.883333 0.116667 0.0 -0.3004 0.9538 
7.249979 5.019219 5.286458 0.888889 0.111111 0.0 -0.3004 0.9538 
8.635431 5.085193 5.307239 0.883333 0.227778 -0.3004 0.0 0.9538 
8.635431 6.272724 5.307239 0.783333 0.227778 -0.3005 -0.0 0.9538 
8.569458 6.338698 5.286458 0.777778 0.222222 -0.3005 -0.0 0.9538 
8.635431 6.272724 5.307239 0.783333 0.227778 0.0 0.3004 0.9538 
9.822964 6.272724 5.307239 0.783333 0.327778 0.0 0.3004 0.9538 
9.888937 6.338698 5.286458 0.777778 0.333333 0.0 0.3004 0.9538 
9.822964 6.272724 5.307239 0.783333 0.327778 0.3004 -0.0 0.9538 
9.822964 5.085193 5.307239 0.883333 0.327778 0.3005 -0.0 0.9538 
9.888937 5.019219 5.286458 0.888889 0.333333 0.3005 -0.0 0.9538 
9.822964 5.085193 5.307239 0.883333 0.327778 0.0 -0.3004 0.9538 
8.635431 5.085193 5.307239 0.883333 0.227778 0.0 -0.3004 0.9538 
8.569458 5.019219 5.286458 0.888889 0.222222 0.0 -0.3004 0.9538 
5.996474 6.404672 5.307239 0.772222 0.005556 -0.3004 0.0 0.9538 
5.996474 7.592203 5.307239 0.672222 0.005556 -0.3004 0.0 0.9538 
5.930501 7.658176 5.286458 0.666667 0.0 -0.3004 0.0 0.9538 
5.996474 7.592203 5.307239 0.672222 0.005556 0.0 0.3004 0.9538 
7.184005 7.592203 5.307239 0.672222 0.105556 0.0 0.3004 0.9538 
7.249979 7.658176 5.286458 0.666667 0.111111 0.0 0.3004 0.9538 
7.184005 7.592203 5.307239 0.672222 0.105556 0.3004 -0.0 0.9538 
7.184005 6.404672 5.307239 0.772222 0.105556 0.3004 -0.0 0.9538 
7.249979 6.338698 5.286458 0.777778 0.111111 0.3004 -0.0 0.9538 
7.184005 6.404672 5.307239 0.772222 0.105556 0.0 -0.3004 0.9538 
5.996474 6.404672 5.307239 0.772222 0.005556 0.0 -0.3004 0.9538 
5.930501 6.338698 5.286458 0.777778 0.0 0.0 -0.3004 0.9538 
7.315953 6.404672 5.307239 0.772222 0.116667 -0.3004 0.0 0.9538 
7.315953 7.592203 5.307239 0.672222 0.116667 -0.3004 0.0 0.9538 
7.249979 7.658176 5.286458 0.666667 0.111111 -0.3004 0.0 0.9538 
7.315953 7.592203 5.307239 0.672222 0.116667 0.0 0.3004 0.9538 
8.503483 7.592203 5.307239 0.672222 0.216667 0.0 0.3004 0.9538 
8.569458 7.658176 5.286458 0.666667 0.222222 0.0 0.3004 0.9538 
8.569458 7.658176 5.286458 0.666667 0.222222 0.3004 -0.0 0.9538 
8.503483 7.592203 5.307239 0.672222 0.216667 0.3004 -0.0 0.9538 
8.503483 6.404672 5.307239 0.772222 0.216667 0.3004 -0.0 0.9538 
8.503483 6.404672 5.307239 0.772222 0.216667 0.0 -0.3004 0.9538 
7.315953 6.404672 5.307239 0.772222 0.116667 0.0 -0.3004 0.9538 
7.249979 6.338698 5.286458 0.777778 0.111111 0.0 -0.3004 0.9538 
8.635431 6.404672 5.307239 0.772222 0.227778 -0.3004 0.0 0.9538 
8.635431 7.592203 5.307239 0.672222 0.227778 -0.3004 0.0 0.9538 
8.569458 7.658176 5.286458 0.666667 0.222222 -0.3004 0.0 0.9538 
8.635431 7.592203 5.307239 0.672222 0.227778 0.0 0.3004 0.9538 
9.822964 7.592203 5.307239 0.672222 0.327778 0.0 0.3004 0.9538 
9.888937 7.658176 5.286458 0.666667 0.333333 0.0 0.3004 0.9538 
9.822964 7.592203 5.307239 0.672222 0.327778 0.3004 -0.0 0.9538 
9.822964 6.404672 5.307239 0.772222 0.327778 0.3004 -0.0 0.9538 
9.888937 6.338698 5.286458 0.777778 0.333333 0.3004 -0.0 0.9538 
9.822964 6.404672 5.307239 0.772222 0.327778 0.0 -0.3004 0.9538 
8.635431 6.404672 5.307239 0.772222 0.227778 0.0 -0.3004 0.9538 
8.569458 6.338698 5.286458 0.777778 0.222222 0.0 -0.3004 0.9538 
9.909719 3.765714 5.220483 0.327778 0.005556 0.9538 0.0 0.3005 
9.909719 4.953245 5.220483 0.227778 0.005556 0.9538 0.0 0.3005 
9.888937 5.019219 5.286458 0.222222 0.0 0.9538 0.0 0.3005 
9.909719 4.953245 5.220483 0.227778 0.005556 0.9538 0.3005 0.0 
9.909719 4.953245 4.032952 0.227778 0.105556 0.9538 0.3004 0.0 
9.888937 5.019219 3.966979 0.222222 0.111111 0.9538 0.3004 0.0 
9.909719 4.953245 4.032952 0.227778 0.105556 0.9538 0.0 -0.3005 
9.909719 3.765714 4.032952 0.327778 0.105556 0.9538 0.0 -0.3005 
9.888937 3.69974 3.966979 0.333333 0.111111 0.9538 0.0 -0.3005 
9.909719 3.765714 4.032952 0.327778 0.105556 0.9538 -0.3005 0.0 
9.909719 3.765714 5.220483 0.327778 0.005556 0.9538 -0.3004 0.0 
9.888937 3.69974 5.286457 0.333333 0.0 0.9538 -0.3004 0.0 
9.909719 3.765714 3.901004 0.327778 0.116667 0.9538 0.0 0.3005 
9.909719 4.953245 3.901005 0.227778 0.116667 0.9538 0.0 0.3005 
9.888937 5.019219 3.966979 0.222222 0.111111 0.9538 0.0 0.3005 
9.909719 4.953245 3.901005 0.227778 0.116667 0.9538 0.3005 0.0 
9.909719 4.953245 2.713474 0.227778 0.216667 0.9538 0.3005 0.0 
9.888937 5.019219 2.6475 0.222222 0.222222 0.9538 0.3005 0.0 
9.888937 5.019219 2.6475 0.222222 0.222222 0.9538 0.0 -0.3005 
9.909719 4.953245 2.713474 0.227778 0.216667 0.9538 0.0 -0.3005 
9.909719 3.765714 2.713474 0.327778 0.216667 0.9538 0.0 -0.3005 
9.909719 3.765714 2.713474 0.327778 0.216667 0.9538 -0.3005 0.0 
9.909719 3.765714 3.901004 0.327778 0.116667 0.9538 -0.3005 0.0 
9.888937 3.69974 3.966979 0.333333 0.111111 0.9538 -0.3005 0.0 
9.909719 3.765714 2.581526 0.327778 0.227778 0.9538 0.0 0.3005 
9.909719 4.953245 2.581526 0.227778 0.227778 0.9538 0.0 0.3005 
9.888937 5.019219 2.6475 0.222222 0.222222 0.9538 0.0 0.3005 
9.909719 4.953245 2.581526 0.227778 0.227778 0.9538 0.3005 0.0 
9.909719 4.953245 1.393995 0.227778 0.327778 0.9538 0.3004 0.0 
9.888937 5.019219 1.328021 0.222222 0.333333 0.9538 0.3004 0.0 
9.888937 5.019219 1.328021 0.222222 0.333333 0.9538 0.0 -0.3005 
9.909719 4.953245 1.393995 0.227778 0.327778 0.9538 0.0 -0.3005 
9.909719 3.765714 1.393995 0.327778 0.327778 0.9538 0.0 -0.3005 
9.909719 3.765714 1.393995 0.327778 0.327778 0.9538 -0.3005 0.0 
9.909719 3.765714 2.581526 0.327778 0.227778 0.9538 -0.3005 0.0 
9.888937 3.69974 2.6475 0.333333 0.222222 0.9538 -0.3005 0.0 
9.909719 5.085193 5.220483 0.216667 0.005556 0.9538 0.0 0.3005 
9.909719 6.272724 5.220483 0.116667 0.005556 0.9538 0.0 0.3005 
9.888937 6.338698 5.286458 0.111111 0.0 0.9538 0.0 0.3005 
9.909719 6.272724 5.220483 0.116667 0.005556 0.9538 0.3005 0.0 
9.909719 6.272724 4.032953 0.116667 0.105556 0.9538 0.3004 0.0 
9.888937 6.338698 3.966979 0.111111 0.111111 0.9538 0.3004 0.0 
9.909719 6.272724 4.032953 0.116667 0.105556 0.9538 0.0 -0.3005 
9.909719 5.085193 4.032953 0.216667 0.105556 0.9538 0.0 -0.3005 
9.888937 5.019219 3.966979 0.222222 0.111111 0.9538 0.0 -0.3005 
9.909719 5.085193 4.032953 0.216667 0.105556 0.9538 -0.3005 0.0 
9.909719 5.085193 5.220483 0.216667 0.005556 0.9538 -0.3004 0.0 
9.888937 5.019219 5.286458 0.222222 0.0 0.9538 -0.3004 0.0 
9.909719 5.085193 3.901005 0.216667 0.116667 0.9538 0.0 0.3005 
9.909719 6.272724 3.901005 0.116667 0.116667 0.9538 0.0 0.3005 
9.888937 6.338698 3.966979 0.111111 0.111111 0.9538 0.0 0.3005 
9.909719 6.272724 3.901005 0.116667 0.116667 0.9538 0.3005 0.0 
9.909719 6.272724 2.713474 0.116667 0.216667 0.9538 0.3005 0.0 
9.888937 6.338698 2.6475 0.111111 0.222222 0.9538 0.3005 0.0 
9.888937 6.338698 2.6475 0.111111 0.222222 0.9538 0.0 -0.3005 
9.909719 6.272724 2.713474 0.116667 0.216667 0.9538 0.0 -0.3005 
9.909719 5.085193 2.713474 0.216667 0.216667 0.9538 0.0 -0.3005 
9.909719 5.085193 2.713474 0.216667 0.216667 0.9538 -0.3005 0.0 
9.909719 5.085193 3.901005 0.216667 0.116667 0.9538 -0.3004 0.0 
9.888937 5.019219 3.966979 0.222222 0.111111 0.9538 -0.3005 0.0 
9.909719 5.085193 2.581526 0.216667 0.227778 0.9538 0.0 0.3005 
9.909719 6.272724 2.581526 0.116667 0.227778 0.9538 0.0 0.3005 
9.888937 6.338698 2.6475 0.111111 0.222222 0.9538 0.0 0.3005 
9.909719 6.272724 2.581526 0.116667 0.227778 0.9538 0.3005 0.0 
9.909719 6.272724 1.393995 0.116667 0.327778 0.9538 0.3005 0.0 
9.888937 6.338698 1.328021 0.111111 0.333333 0.9538 0.3005 0.0 
9.888937 6.338698 1.328021 0.111111 0.333333 0.9538 0.0 -0.3005 
9.909719 6.272724 1.393995 0.116667 0.327778 0.9538 0.0 -0.3005 
9.909719 5.085193 1.393995 0.216667 0.327778 0.9538 0.0 -0.3005 
9.909719 5.085193 1.393995 0.216667 0.327778 0.9538 -0.3005 0.0 
9.909719 5.085193 2.581526 0.216667 0.227778 0.9538 -0.3005 0.0 
9.888937 5.019219 2.6475 0.222222 0.222222 0.9538 -0.3005 0.0 
9.909719 6.404672 5.220483 0.105556 0.005556 0.9538 0.0 0.3005 
9.909719 7.592203 5.220483 0.005556 0.005556 0.9538 0.0 0.3005 
9.888937 7.658176 5.286458 0.0 0.0 0.9538 0.0 0.3005 
9.909719 7.592203 5.220483 0.005556 0.005556 0.9538 0.3005 0.0 
9.909719 7.592203 4.032953 0.005556 0.105556 0.9538 0.3004 0.0 
9.888937 7.658176 3.966979 0.0 0.111111 0.9538 0.3004 0.0 
9.888937 7.658176 3.966979 0.0 0.111111 0.9538 0.0 -0.3005 
9.909719 7.592203 4.032953 0.005556 0.105556 0.9538 0.0 -0.3005 
9.909719 6.404672 4.032953 0.105556 0.105556 0.9538 0.0 -0.3005 
9.909719 6.404672 4.032953 0.105556 0.105556 0.9538 -0.3005 0.0 
9.909719 6.404672 5.220483 0.105556 0.005556 0.9538 -0.3004 0.0 
9.888937 6.338698 5.286458 0.111111 0.0 0.9538 -0.3004 0.0 
9.909719 6.404672 3.901005 0.105556 0.116667 0.9538 0.0 0.3005 
9.909719 7.592203 3.901005 0.005556 0.116667 0.9538 0.0 0.3005 
9.888937 7.658176 3.966979 0.0 0.111111 0.9538 0.0 0.3005 
9.909719 7.592203 3.901005 0.005556 0.116667 0.9538 0.3005 0.0 
9.909719 7.592203 2.713474 0.005556 0.216667 0.9538 0.3005 0.0 
9.888937 7.658176 2.6475 0.0 0.222222 0.9538 0.3005 0.0 
9.888937 7.658176 2.6475 0.0 0.222222 0.9538 0.0 -0.3005 
9.909719 7.592203 2.713474 0.005556 0.216667 0.9538 0.0 -0.3005 
9.909719 6.404672 2.713474 0.105556 0.216667 0.9538 0.0 -0.3005 
9.909719 6.404672 2.713474 0.105556 0.216667 0.9538 -0.3005 0.0 
9.909719 6.404672 3.901005 0.105556 0.116667 0.9538 -0.3004 0.0 
9.888937 6.338698 3.966979 0.111111 0.111111 0.9538 -0.3004 0.0 
9.909719 6.404672 2.581526 0.105556 0.227778 0.9538 0.0 0.3005 
9.909719 7.592203 2.581526 0.005556 0.227778 0.9538 0.0 0.3005 
9.888937 7.658176 2.6475 0.0 0.222222 0.9538 0.0 0.3005 
9.909719 7.592203 2.581526 0.005556 0.227778 0.9538 0.3005 0.0 
9.909719 7.592203 1.393995 0.005556 0.327778 0.9538 0.3005 0.0 
9.888937 7.658176 1.328021 0.0 0.333333 0.9538 0.0 -0.3005 
9.909719 7.592203 1.393995 0.005556 0.327778 0.9538 0.0 -0.3005 
9.909719 6.404672 1.393995 0.105556 0.327778 0.9538 0.0 -0.3005 
9.909719 6.404672 1.393995 0.105556 0.327778 0.9538 -0.3005 0.0 
9.909719 6.404672 2.581526 0.105556 0.227778 0.9538 -0.3005 0.0 
9.888937 6.338698 2.6475 0.111111 0.222222 0.9538 -0.3005 0.0 
9.888937 3.699741 1.328021 0.333333 0.666667 0.3004 0.0 -0.9538 
9.822964 3.765714 1.307239 0.327778 0.672222 0.3004 0.0 -0.9538 
9.822964 4.953245 1.307239 0.227778 0.672222 0.3005 0.0 -0.9538 
9.822964 4.953245 1.307239 0.227778 0.672222 0.0 0.3004 -0.9538 
8.635431 4.953245 1.307239 0.227778 0.772222 0.0 0.3004 -0.9538 
8.569458 5.019219 1.328021 0.222222 0.777778 0.0 0.3004 -0.9538 
8.635431 4.953245 1.307239 0.227778 0.772222 -0.3005 0.0 -0.9538 
8.635431 3.765714 1.307239 0.327778 0.772222 -0.3004 0.0 -0.9538 
8.569458 3.699741 1.328021 0.333333 0.777778 -0.3004 0.0 -0.9538 
8.635431 3.765714 1.307239 0.327778 0.772222 0.0 -0.3005 -0.9538 
9.822964 3.765714 1.307239 0.327778 0.672222 0.0 -0.3004 -0.9538 
9.888937 3.699741 1.328021 0.333333 0.666667 0.0 -0.3004 -0.9538 
8.569458 3.699741 1.328021 0.333333 0.777778 0.3004 0.0 -0.9538 
8.503483 3.765714 1.307239 0.327778 0.783333 0.3004 0.0 -0.9538 
8.503483 4.953245 1.307239 0.227778 0.783333 0.3004 0.0 -0.9538 
8.503483 4.953245 1.307239 0.227778 0.783333 0.0 0.3004 -0.9538 
7.315953 4.953245 1.307239 0.227778 0.883333 0.0 0.3004 -0.9538 
7.249979 5.019219 1.328021 0.222222 0.888889 0.0 0.3004 -0.9538 
7.315953 4.953245 1.307239 0.227778 0.883333 -0.3004 0.0 -0.9538 
7.315953 3.765714 1.307239 0.327778 0.883333 -0.3004 0.0 -0.9538 
7.249979 3.699741 1.328021 0.333333 0.888889 -0.3004 0.0 -0.9538 
7.315953 3.765714 1.307239 0.327778 0.883333 0.0 -0.3004 -0.9538 
8.503483 3.765714 1.307239 0.327778 0.783333 0.0 -0.3005 -0.9538 
8.569458 3.699741 1.328021 0.333333 0.777778 0.0 -0.3005 -0.9538 
7.249979 3.699741 1.328021 0.333333 0.888889 0.3004 0.0 -0.9538 
7.184005 3.765714 1.307239 0.327778 0.894444 0.3004 0.0 -0.9538 
7.184005 4.953245 1.307239 0.227778 0.894444 0.3005 0.0 -0.9538 
7.184005 4.953245 1.307239 0.227778 0.894444 0.0 0.3004 -0.9538 
5.996474 4.953245 1.307239 0.227778 0.994444 0.0 0.3004 -0.9538 
5.930501 5.019219 1.328021 0.222222 1.0 0.0 0.3004 -0.9538 
5.996474 4.953245 1.307239 0.227778 0.994444 -0.3005 0.0 -0.9538 
5.996474 3.765714 1.307239 0.327778 0.994444 -0.3004 0.0 -0.9538 
5.930501 3.699741 1.328021 0.333333 1.0 -0.3004 0.0 -0.9538 
5.996474 3.765714 1.307239 0.327778 0.994444 0.0 -0.3004 -0.9538 
7.184005 3.765714 1.307239 0.327778 0.894444 0.0 -0.3004 -0.9538 
7.249979 3.699741 1.328021 0.333333 0.888889 0.0 -0.3004 -0.9538 
9.822964 5.085194 1.307239 0.216667 0.672222 0.3004 0.0 -0.9538 
9.822964 6.272724 1.307239 0.116667 0.672222 0.3004 0.0 -0.9538 
9.888937 6.338698 1.328021 0.111111 0.666667 0.3004 0.0 -0.9538 
9.822964 6.272724 1.307239 0.116667 0.672222 0.0 0.3004 -0.9538 
8.635431 6.272724 1.307239 0.116667 0.772222 0.0 0.3004 -0.9538 
8.569458 6.338698 1.328021 0.111111 0.777778 0.0 0.3004 -0.9538 
8.569458 6.338698 1.328021 0.111111 0.777778 -0.3004 0.0 -0.9538 
8.635431 6.272724 1.307239 0.116667 0.772222 -0.3004 0.0 -0.9538 
8.635431 5.085194 1.307239 0.216667 0.772222 -0.3004 0.0 -0.9538 
8.635431 5.085194 1.307239 0.216667 0.772222 0.0 -0.3004 -0.9538 
9.822964 5.085194 1.307239 0.216667 0.672222 0.0 -0.3004 -0.9538 
9.888937 5.019219 1.328021 0.222222 0.666667 0.0 -0.3004 -0.9538 
8.503483 5.085194 1.307239 0.216667 0.783333 0.3004 0.0 -0.9538 
8.503483 6.272724 1.307239 0.116667 0.783333 0.3004 0.0 -0.9538 
8.569458 6.338698 1.328021 0.111111 0.777778 0.3004 0.0 -0.9538 
8.503483 6.272724 1.307239 0.116667 0.783333 0.0 0.3004 -0.9538 
7.315953 6.272724 1.307239 0.116667 0.883333 0.0 0.3004 -0.9538 
7.249979 6.338698 1.328021 0.111111 0.888889 0.0 0.3004 -0.9538 
7.249979 6.338698 1.328021 0.111111 0.888889 -0.3004 0.0 -0.9538 
7.315953 6.272724 1.307239 0.116667 0.883333 -0.3004 0.0 -0.9538 
7.315953 5.085194 1.307239 0.216667 0.883333 -0.3004 0.0 -0.9538 
7.315953 5.085194 1.307239 0.216667 0.883333 0.0 -0.3004 -0.9538 
8.503483 5.085194 1.307239 0.216667 0.783333 0.0 -0.3004 -0.9538 
8.569458 5.019219 1.328021 0.222222 0.777778 0.0 -0.3004 -0.9538 
7.184005 5.085194 1.307239 0.216667 0.894444 0.3004 0.0 -0.9538 
7.184005 6.272724 1.307239 0.116667 0.894444 0.3004 0.0 -0.9538 
7.249979 6.338698 1.328021 0.111111 0.888889 0.3004 0.0 -0.9538 
7.184005 6.272724 1.307239 0.116667 0.894444 0.0 0.3004 -0.9538 
5.996474 6.272724 1.307239 0.116667 0.994444 0.0 0.3004 -0.9538 
5.930501 6.338698 1.328021 0.111111 1.0 0.0 0.3004 -0.9538 
5.930501 6.338698 1.328021 0.111111 1.0 -0.3004 0.0 -0.9538 
5.996474 6.272724 1.307239 0.116667 0.994444 -0.3004 0.0 -0.9538 
5.996474 5.085194 1.307239 0.216667 0.994444 -0.3004 0.0 -0.9538 
5.996474 5.085194 1.307239 0.216667 0.994444 0.0 -0.3004 -0.9538 
7.184005 5.085194 1.307239 0.216667 0.894444 0.0 -0.3004 -0.9538 
7.249979 5.019219 1.328021 0.222222 0.888889 0.0 -0.3004 -0.9538 
9.822964 6.404672 1.307239 0.105555 0.672222 0.3004 0.0 -0.9538 
9.822964 7.592203 1.307239 0.005556 0.672222 0.3004 0.0 -0.9538 
9.888937 7.658176 1.328021 0.0 0.666667 0.3004 0.0 -0.9538 
9.822964 7.592203 1.307239 0.005556 0.672222 0.0 0.3004 -0.9538 
8.635431 7.592203 1.307239 0.005556 0.772222 0.0 0.3004 -0.9538 
8.569458 7.658176 1.328021 0.0 0.777778 0.0 0.3004 -0.9538 
8.569458 7.658176 1.328021 0.0 0.777778 -0.3004 0.0 -0.9538 
8.635431 7.592203 1.307239 0.005556 0.772222 -0.3004 0.0 -0.9538 
8.635431 6.404672 1.307239 0.105555 0.772222 -0.3004 0.0 -0.9538 
8.635431 6.404672 1.307239 0.105555 0.772222 0.0 -0.3004 -0.9538 
9.822964 6.404672 1.307239 0.105555 0.672222 0.0 -0.3004 -0.9538 
9.888937 6.338698 1.328021 0.111111 0.666667 0.0 -0.3004 -0.9538 
8.503483 6.404672 1.307239 0.105555 0.783333 0.3004 0.0 -0.9538 
8.503483 7.592203 1.307239 0.005556 0.783333 0.3004 0.0 -0.9538 
8.569458 7.658176 1.328021 0.0 0.777778 0.3004 0.0 -0.9538 
8.503483 7.592203 1.307239 0.005556 0.783333 0.0 0.3005 -0.9538 
7.315953 7.592203 1.307239 0.005556 0.883333 0.0 0.3004 -0.9538 
7.249979 7.658176 1.328021 0.0 0.888889 0.0 0.3004 -0.9538 
7.249979 7.658176 1.328021 0.0 0.888889 -0.3004 0.0 -0.9538 
7.315953 7.592203 1.307239 0.005556 0.883333 -0.3004 0.0 -0.9538 
7.315953 6.404672 1.307239 0.105555 0.883333 -0.3004 0.0 -0.9538 
7.315953 6.404672 1.307239 0.105555 0.883333 0.0 -0.3004 -0.9538 
8.503483 6.404672 1.307239 0.105555 0.783333 0.0 -0.3004 -0.9538 
8.569458 6.338698 1.328021 0.111111 0.777778 0.0 -0.3004 -0.9538 
7.184005 6.404672 1.307239 0.105555 0.894444 0.3004 0.0 -0.9538 
7.184005 7.592203 1.307239 0.005556 0.894444 0.3004 0.0 -0.9538 
7.249979 7.658176 1.328021 0.0 0.888889 0.3004 0.0 -0.9538 
7.184005 7.592203 1.307239 0.005556 0.894444 0.0 0.3004 -0.9538 
5.996474 7.592203 1.307239 0.005556 0.994444 0.0 0.3004 -0.9538 
5.930501 7.658176 1.328021 0.0 1.0 0.0 0.3004 -0.9538 
5.996474 7.592203 1.307239 0.005556 0.994444 -0.3004 0.0 -0.9538 
5.996474 6.404672 1.307239 0.105555 0.994444 -0.3004 0.0 -0.9538 
5.996474 6.404672 1.307239 0.105555 0.994444 0.0 -0.3004 -0.9538 
7.184005 6.404672 1.307239 0.105555 0.894444 0.0 -0.3004 -0.9538 
7.249979 6.338698 1.328021 0.111111 0.888889 0.0 -0.3004 -0.9538 
5.930501 3.699741 1.328021 0.333333 0.333333 -0.9538 0.0 -0.3005 
5.909718 3.765714 1.393995 0.327778 0.338889 -0.9538 0.0 -0.3005 
5.909718 4.953245 1.393995 0.227778 0.338889 -0.9538 0.0 -0.3005 
5.909718 4.953245 1.393995 0.227778 0.338889 -0.9538 0.3005 0.0 
5.909718 4.953245 2.581526 0.227778 0.438889 -0.9538 0.3005 0.0 
5.930501 5.019219 2.6475 0.222222 0.444445 -0.9538 0.3005 0.0 
5.930501 5.019219 2.6475 0.222222 0.444445 -0.9538 0.0 0.3005 
5.909718 4.953245 2.581526 0.227778 0.438889 -0.9538 0.0 0.3005 
5.909718 3.765714 2.581526 0.327778 0.438889 -0.9538 0.0 0.3005 
5.930501 3.69974 2.6475 0.333333 0.444444 -0.9538 -0.3005 -0.0 
5.909718 3.765714 2.581526 0.327778 0.438889 -0.9538 -0.3005 -0.0 
5.909718 3.765714 1.393995 0.327778 0.338889 -0.9538 -0.3005 -0.0 
5.909718 3.765714 2.713474 0.327778 0.45 -0.9538 0.0 -0.3005 
5.909718 4.953245 2.713474 0.227778 0.45 -0.9538 0.0 -0.3005 
5.930501 5.019219 2.6475 0.222222 0.444445 -0.9538 0.0 -0.3005 
5.909718 4.953245 2.713474 0.227778 0.45 -0.9538 0.3005 0.0 
5.909718 4.953245 3.901005 0.227778 0.55 -0.9538 0.3005 0.0 
5.930501 5.019219 3.966979 0.222222 0.555556 -0.9538 0.3005 0.0 
5.909718 4.953245 3.901005 0.227778 0.55 -0.9538 0.0 0.3005 
5.909718 3.765714 3.901004 0.327778 0.55 -0.9538 0.0 0.3005 
5.930501 3.69974 3.966979 0.333333 0.555556 -0.9538 0.0 0.3005 
5.909718 3.765714 3.901004 0.327778 0.55 -0.9538 -0.3005 -0.0 
5.909718 3.765714 2.713474 0.327778 0.45 -0.9538 -0.3005 -0.0 
5.909718 3.765714 4.032952 0.327778 0.561111 -0.9538 0.0 -0.3005 
5.909718 4.953245 4.032952 0.227778 0.561111 -0.9538 0.0 -0.3005 
5.930501 5.019219 3.966979 0.222222 0.555556 -0.9538 0.0 -0.3005 
5.930501 5.019219 3.966979 0.222222 0.555556 -0.9538 0.3004 0.0 
5.909718 4.953245 4.032952 0.227778 0.561111 -0.9538 0.3004 0.0 
5.909718 4.953245 5.220483 0.227778 0.661111 -0.9538 0.3005 0.0 
5.909718 4.953245 5.220483 0.227778 0.661111 -0.9538 0.0 0.3005 
5.909718 3.765714 5.220483 0.327778 0.661111 -0.9538 0.0 0.3005 
5.930501 3.69974 5.286457 0.333333 0.666667 -0.9538 0.0 0.3005 
5.909718 3.765714 5.220483 0.327778 0.661111 -0.9538 -0.3005 -0.0 
5.909718 3.765714 4.032952 0.327778 0.561111 -0.9538 -0.3005 -0.0 
5.930501 3.69974 3.966979 0.333333 0.555556 -0.9538 -0.3005 -0.0 
5.909718 5.085193 1.393995 0.216667 0.338889 -0.9538 0.0 -0.3005 
5.909718 6.272724 1.393995 0.116667 0.338889 -0.9538 0.0 -0.3005 
5.930501 6.338698 1.328021 0.111111 0.333333 -0.9538 0.0 -0.3005 
5.909718 6.272724 1.393995 0.116667 0.338889 -0.9538 0.3005 0.0 
5.909718 6.272724 2.581526 0.116667 0.438889 -0.9538 0.3005 0.0 
5.930501 6.338698 2.6475 0.111111 0.444445 -0.9538 0.3005 0.0 
5.930501 6.338698 2.6475 0.111111 0.444445 -0.9538 0.0 0.3005 
5.909718 6.272724 2.581526 0.116667 0.438889 -0.9538 0.0 0.3005 
5.909718 5.085193 2.581526 0.216667 0.438889 -0.9538 0.0 0.3005 
5.930501 5.019219 2.6475 0.222222 0.444445 -0.9538 -0.3004 0.0 
5.909718 5.085193 2.581526 0.216667 0.438889 -0.9538 -0.3004 0.0 
5.909718 5.085193 1.393995 0.216667 0.338889 -0.9538 -0.3005 -0.0 
5.909718 5.085193 2.713474 0.216667 0.45 -0.9538 0.0 -0.3005 
5.909718 6.272724 2.713474 0.116667 0.45 -0.9538 0.0 -0.3005 
5.930501 6.338698 2.6475 0.111111 0.444445 -0.9538 0.0 -0.3005 
5.909718 6.272724 2.713474 0.116667 0.45 -0.9538 0.3005 0.0 
5.909718 6.272724 3.901005 0.116667 0.55 -0.9538 0.3005 0.0 
5.909718 6.272724 3.901005 0.116667 0.55 -0.9538 0.0 0.3005 
5.909718 5.085193 3.901005 0.216667 0.55 -0.9538 0.0 0.3005 
5.930501 5.019219 3.966979 0.222222 0.555556 -0.9538 0.0 0.3005 
5.909718 5.085193 3.901005 0.216667 0.55 -0.9538 -0.3005 -0.0 
5.909718 5.085193 2.713474 0.216667 0.45 -0.9538 -0.3005 -0.0 
5.930501 5.019219 2.6475 0.222222 0.444445 -0.9538 -0.3005 -0.0 
5.909718 5.085193 4.032953 0.216667 0.561111 -0.9538 0.0 -0.3005 
5.909718 6.272724 4.032953 0.116667 0.561111 -0.9538 0.0 -0.3005 
5.930501 6.338698 3.966979 0.111111 0.555556 -0.9538 0.0 -0.3005 
5.909718 6.272724 4.032953 0.116667 0.561111 -0.9538 0.3005 0.0 
5.909718 6.272724 5.220483 0.116667 0.661111 -0.9538 0.3005 0.0 
5.930501 6.338698 5.286458 0.111111 0.666667 -0.9538 0.3005 0.0 
5.930501 6.338698 5.286458 0.111111 0.666667 -0.9538 0.0 0.3005 
5.909718 6.272724 5.220483 0.116667 0.661111 -0.9538 0.0 0.3005 
5.909718 5.085193 5.220483 0.216667 0.661111 -0.9538 0.0 0.3005 
5.909718 5.085193 5.220483 0.216667 0.661111 -0.9538 -0.3005 -0.0 
5.909718 5.085193 4.032953 0.216667 0.561111 -0.9538 -0.3005 -0.0 
5.930501 5.019219 3.966979 0.222222 0.555556 -0.9538 -0.3005 -0.0 
5.909718 6.404672 1.393995 0.105556 0.338889 -0.9538 0.0 -0.3005 
5.909718 7.592203 1.393995 0.005556 0.338889 -0.9538 0.0 -0.3005 
5.930501 7.658176 1.328021 0.0 0.333333 -0.9538 0.0 -0.3005 
5.909718 7.592203 1.393995 0.005556 0.338889 -0.9538 0.3005 0.0 
5.909718 7.592203 2.581526 0.005556 0.438889 -0.9538 0.3005 0.0 
5.930501 7.658176 2.6475 0.0 0.444445 -0.9538 0.3005 0.0 
5.930501 7.658176 2.6475 0.0 0.444445 -0.9538 0.0 0.3005 
5.909718 7.592203 2.581526 0.005556 0.438889 -0.9538 0.0 0.3005 
5.909718 6.404672 2.581526 0.105556 0.438889 -0.9538 0.0 0.3005 
5.909718 6.404672 2.581526 0.105556 0.438889 -0.9538 -0.3005 -0.0 
5.909718 6.404672 1.393995 0.105556 0.338889 -0.9538 -0.3005 -0.0 
5.930501 6.338698 1.328021 0.111111 0.333333 -0.9538 -0.3005 -0.0 
5.909718 6.404672 2.713474 0.105556 0.45 -0.9538 0.0 -0.3005 
5.909718 7.592203 2.713474 0.005556 0.45 -0.9538 0.0 -0.3005 
5.930501 7.658176 2.6475 0.0 0.444445 -0.9538 0.0 -0.3005 
5.909718 7.592203 2.713474 0.005556 0.45 -0.9538 0.3005 0.0 
5.909718 7.592203 3.901005 0.005556 0.55 -0.9538 0.3005 0.0 
5.930501 7.658176 3.966979 0.0 0.555556 -0.9538 0.3005 0.0 
5.909718 7.592203 3.901005 0.005556 0.55 -0.9538 0.0 0.3005 
5.909718 6.404672 3.901005 0.105556 0.55 -0.9538 0.0 0.3005 
5.930501 6.338698 3.966979 0.111111 0.555556 -0.9538 0.0 0.3005 
5.909718 6.404672 3.901005 0.105556 0.55 -0.9538 -0.3005 -0.0 
5.909718 6.404672 2.713474 0.105556 0.45 -0.9538 -0.3005 -0.0 
5.930501 6.338698 2.6475 0.111111 0.444445 -0.9538 -0.3005 -0.0 
5.909718 6.404672 4.032953 0.105556 0.561111 -0.9538 0.0 -0.3005 
5.909718 7.592203 4.032953 0.005556 0.561111 -0.9538 0.0 -0.3005 
5.930501 7.658176 3.966979 0.0 0.555556 -0.9538 0.0 -0.3005 
5.909718 7.592203 4.032953 0.005556 0.561111 -0.9538 0.3005 0.0 
5.909718 7.592203 5.220483 0.005556 0.661111 -0.9538 0.3005 0.0 
5.930501 7.658176 5.286458 0.0 0.666667 -0.9538 0.3005 0.0 
5.930501 7.658176 5.286458 0.0 0.666667 -0.9538 0.0 0.3005 
5.909718 7.592203 5.220483 0.005556 0.661111 -0.9538 0.0 0.3005 
5.909718 6.404672 5.220483 0.105556 0.661111 -0.9538 0.0 0.3005 
5.909718 6.404672 5.220483 0.105556 0.661111 -0.9538 -0.3005 -0.0 
5.909718 6.404672 4.032953 0.105556 0.561111 -0.9538 -0.3005 -0.0 
5.930501 6.338698 3.966979 0.111111 0.555556 -0.9538 -0.3005 -0.0 
5.996474 7.678958 5.220483 0.338889 0.005556 -0.3005 0.9538 0.0 
5.996474 7.678958 4.032953 0.338889 0.105556 -0.3005 0.9538 0.0 
5.930501 7.658176 3.966979 0.333333 0.111111 -0.3005 0.9538 0.0 
5.996474 7.678958 4.032953 0.338889 0.105556 0.0 0.9538 -0.3005 
7.184005 7.678958 4.032953 0.438889 0.105556 0.0 0.9538 -0.3005 
7.249979 7.658176 3.966979 0.444445 0.111111 0.0 0.9538 -0.3005 
7.184005 7.678958 4.032953 0.438889 0.105556 0.3004 0.9538 0.0 
7.184005 7.678958 5.220483 0.438889 0.005556 0.3005 0.9538 0.0 
7.249979 7.658176 5.286458 0.444445 0.0 0.3005 0.9538 0.0 
7.184005 7.678958 5.220483 0.438889 0.005556 0.0 0.9538 0.3005 
5.996474 7.678958 5.220483 0.338889 0.005556 0.0 0.9538 0.3005 
5.930501 7.658176 5.286458 0.333333 0.0 0.0 0.9538 0.3005 
7.315953 7.678958 5.220483 0.45 0.005556 -0.3004 0.9538 0.0 
7.315953 7.678958 4.032953 0.45 0.105556 -0.3005 0.9538 0.0 
7.249979 7.658176 3.966979 0.444445 0.111111 -0.3005 0.9538 0.0 
7.315953 7.678958 4.032953 0.45 0.105556 0.0 0.9538 -0.3005 
8.503483 7.678958 4.032953 0.55 0.105556 0.0 0.9538 -0.3004 
8.569458 7.658176 3.966979 0.555556 0.111111 0.0 0.9538 -0.3004 
8.503483 7.678958 4.032953 0.55 0.105556 0.3004 0.9538 0.0 
8.503483 7.678958 5.220483 0.55 0.005556 0.3004 0.9538 0.0 
8.569458 7.658176 5.286458 0.555556 0.0 0.3004 0.9538 0.0 
8.503483 7.678958 5.220483 0.55 0.005556 0.0 0.9538 0.3005 
7.315953 7.678958 5.220483 0.45 0.005556 0.0 0.9538 0.3004 
7.249979 7.658176 5.286458 0.444445 0.0 0.0 0.9538 0.3004 
8.635431 7.678958 5.220483 0.561111 0.005556 -0.3004 0.9538 0.0 
8.635431 7.678958 4.032953 0.561111 0.105556 -0.3005 0.9538 0.0 
8.569458 7.658176 3.966979 0.555556 0.111111 -0.3005 0.9538 0.0 
8.635431 7.678958 4.032953 0.561111 0.105556 0.0 0.9538 -0.3005 
9.822964 7.678958 4.032953 0.661111 0.105556 0.0 0.9538 -0.3004 
9.888937 7.658176 3.966979 0.666667 0.111111 0.0 0.9538 -0.3004 
9.822964 7.678958 4.032953 0.661111 0.105556 0.3005 0.9538 0.0 
9.822964 7.678958 5.220483 0.661111 0.005556 0.3005 0.9538 0.0 
9.888937 7.658176 5.286458 0.666667 0.0 0.3005 0.9538 0.0 
9.822964 7.678958 5.220483 0.661111 0.005556 0.0 0.9538 0.3005 
8.635431 7.678958 5.220483 0.561111 0.005556 0.0 0.9538 0.3004 
8.569458 7.658176 5.286458 0.555556 0.0 0.0 0.9538 0.3004 
5.996474 7.678958 3.901005 0.338889 0.116667 -0.3005 0.9538 0.0 
5.996474 7.678958 2.713474 0.338889 0.216667 -0.3005 0.9538 0.0 
5.996474 7.678958 2.713474 0.338889 0.216667 0.0 0.9538 -0.3005 
7.184005 7.678958 2.713474 0.438889 0.216667 0.0 0.9538 -0.3005 
7.249979 7.658176 2.6475 0.444445 0.222222 0.0 0.9538 -0.3005 
7.184005 7.678958 2.713474 0.438889 0.216667 0.3004 0.9538 0.0 
7.184005 7.678958 3.901005 0.438889 0.116667 0.3005 0.9538 0.0 
7.249979 7.658176 3.966979 0.444445 0.111111 0.3005 0.9538 0.0 
7.184005 7.678958 3.901005 0.438889 0.116667 0.0 0.9538 0.3005 
5.996474 7.678958 3.901005 0.338889 0.116667 0.0 0.9538 0.3005 
5.930501 7.658176 3.966979 0.333333 0.111111 0.0 0.9538 0.3005 
7.315953 7.678958 3.901005 0.45 0.116667 -0.3004 0.9538 0.0 
7.315953 7.678958 2.713474 0.45 0.216667 -0.3004 0.9538 0.0 
7.249979 7.658176 2.6475 0.444445 0.222222 -0.3004 0.9538 0.0 
7.315953 7.678958 2.713474 0.45 0.216667 0.0 0.9538 -0.3005 
8.503483 7.678958 2.713474 0.55 0.216667 0.0 0.9538 -0.3004 
8.569458 7.658176 2.6475 0.555556 0.222222 0.0 0.9538 -0.3004 
8.503483 7.678958 2.713474 0.55 0.216667 0.3004 0.9538 0.0 
8.503483 7.678958 3.901005 0.55 0.116667 0.3004 0.9538 0.0 
8.569458 7.658176 3.966979 0.555556 0.111111 0.3004 0.9538 0.0 
8.503483 7.678958 3.901005 0.55 0.116667 0.0 0.9538 0.3005 
7.315953 7.678958 3.901005 0.45 0.116667 0.0 0.9538 0.3004 
7.249979 7.658176 3.966979 0.444445 0.111111 0.0 0.9538 0.3004 
8.569458 7.658176 3.966979 0.555556 0.111111 -0.3004 0.9538 0.0 
8.635431 7.678958 3.901005 0.561111 0.116667 -0.3004 0.9538 0.0 
8.635431 7.678958 2.713474 0.561111 0.216667 -0.3005 0.9538 0.0 
8.635431 7.678958 2.713474 0.561111 0.216667 0.0 0.9538 -0.3005 
9.822964 7.678958 2.713474 0.661111 0.216667 0.0 0.9538 -0.3004 
9.888937 7.658176 2.6475 0.666667 0.222222 0.0 0.9538 -0.3004 
9.822964 7.678958 2.713474 0.661111 0.216667 0.3004 0.9538 0.0 
9.822964 7.678958 3.901005 0.661111 0.116667 0.3004 0.9538 0.0 
9.888937 7.658176 3.966979 0.666667 0.111111 0.3004 0.9538 0.0 
9.822964 7.678958 3.901005 0.661111 0.116667 0.0 0.9538 0.3005 
8.635431 7.678958 3.901005 0.561111 0.116667 0.0 0.9538 0.3004 
8.569458 7.658176 3.966979 0.555556 0.111111 0.0 0.9538 0.3004 
5.930501 7.658176 2.6475 0.333333 0.222222 -0.3005 0.9538 0.0 
5.996474 7.678958 2.581526 0.338889 0.227778 -0.3005 0.9538 0.0 
5.996474 7.678958 1.393995 0.338889 0.327778 -0.3005 0.9538 0.0 
5.996474 7.678958 1.393995 0.338889 0.327778 0.0 0.9538 -0.3005 
7.184005 7.678958 1.393995 0.438889 0.327778 0.0 0.9538 -0.3005 
7.249979 7.658176 1.328021 0.444445 0.333333 0.0 0.9538 -0.3005 
7.184005 7.678958 1.393995 0.438889 0.327778 0.3004 0.9538 0.0 
7.184005 7.678958 2.581526 0.438889 0.227778 0.3005 0.9538 0.0 
7.249979 7.658176 2.6475 0.444445 0.222222 0.3005 0.9538 0.0 
7.184005 7.678958 2.581526 0.438889 0.227778 0.0 0.9538 0.3005 
5.996474 7.678958 2.581526 0.338889 0.227778 0.0 0.9538 0.3005 
5.930501 7.658176 2.6475 0.333333 0.222222 0.0 0.9538 0.3005 
7.249979 7.658176 2.6475 0.444445 0.222222 -0.3005 0.9538 0.0 
7.315953 7.678958 2.581526 0.45 0.227778 -0.3005 0.9538 0.0 
7.315953 7.678958 1.393995 0.45 0.327778 -0.3004 0.9538 0.0 
7.315953 7.678958 1.393995 0.45 0.327778 0.0 0.9538 -0.3005 
8.503483 7.678958 1.393995 0.55 0.327778 0.0 0.9538 -0.3004 
8.569458 7.658176 1.328021 0.555556 0.333333 0.0 0.9538 -0.3004 
8.503483 7.678958 1.393995 0.55 0.327778 0.3004 0.9538 0.0 
8.503483 7.678958 2.581526 0.55 0.227778 0.3004 0.9538 0.0 
8.569458 7.658176 2.6475 0.555556 0.222222 0.3004 0.9538 0.0 
8.503483 7.678958 2.581526 0.55 0.227778 0.0 0.9538 0.3005 
7.315953 7.678958 2.581526 0.45 0.227778 0.0 0.9538 0.3004 
7.249979 7.658176 2.6475 0.444445 0.222222 0.0 0.9538 0.3004 
8.569458 7.658176 2.6475 0.555556 0.222222 -0.3005 0.9538 0.0 
8.635431 7.678958 2.581526 0.561111 0.227778 -0.3005 0.9538 0.0 
8.635431 7.678958 1.393995 0.561111 0.327778 -0.3004 0.9538 0.0 
8.635431 7.678958 1.393995 0.561111 0.327778 0.0 0.9538 -0.3005 
9.822964 7.678958 1.393995 0.661111 0.327778 0.0 0.9538 -0.3004 
9.888937 7.658176 1.328021 0.666667 0.333333 0.0 0.9538 -0.3004 
9.822964 7.678958 1.393995 0.661111 0.327778 0.3004 0.9538 0.0 
9.822964 7.678958 2.581526 0.661111 0.227778 0.3005 0.9538 0.0 
9.888937 7.658176 2.6475 0.666667 0.222222 0.3005 0.9538 0.0 
9.822964 7.678958 2.581526 0.661111 0.227778 0.0 0.9538 0.3005 
8.635431 7.678958 2.581526 0.561111 0.227778 0.0 0.9538 0.3004 
8.569458 7.658176 2.6475 0.555556 0.222222 0.0 0.9538 0.3004 
5.930501 3.699741 1.328021 0.666667 0.666667 -0.3005 -0.9538 -0.0 
5.996474 3.678958 1.393995 0.661111 0.661111 -0.3005 -0.9538 -0.0 
5.996474 3.678958 2.581526 0.661111 0.561111 -0.3005 -0.9538 -0.0 
5.996474 3.678958 2.581526 0.661111 0.561111 0.0 -0.9538 0.3004 
7.184005 3.678958 2.581526 0.561111 0.561111 0.0 -0.9538 0.3005 
7.249979 3.69974 2.6475 0.555556 0.555555 0.0 -0.9538 0.3005 
7.184005 3.678958 2.581526 0.561111 0.561111 0.3004 -0.9538 -0.0 
7.184005 3.678958 1.393995 0.561111 0.661111 0.3005 -0.9538 0.0 
7.249979 3.699741 1.328021 0.555556 0.666667 0.3005 -0.9538 0.0 
7.184005 3.678958 1.393995 0.561111 0.661111 0.0 -0.9538 -0.3005 
5.996474 3.678958 1.393995 0.661111 0.661111 0.0 -0.9538 -0.3005 
5.930501 3.699741 1.328021 0.666667 0.666667 0.0 -0.9538 -0.3005 
7.315953 3.678958 1.393995 0.55 0.661111 -0.3005 -0.9538 -0.0 
7.315953 3.678958 2.581526 0.55 0.561111 -0.3004 -0.9538 0.0 
7.249979 3.69974 2.6475 0.555556 0.555555 -0.3004 -0.9538 0.0 
7.315953 3.678958 2.581526 0.55 0.561111 0.0 -0.9538 0.3004 
8.503483 3.678958 2.581526 0.45 0.561111 0.0 -0.9538 0.3005 
8.569458 3.69974 2.6475 0.444445 0.555556 0.0 -0.9538 0.3005 
8.503483 3.678958 2.581526 0.45 0.561111 0.3004 -0.9538 -0.0 
8.503483 3.678958 1.393995 0.45 0.661111 0.3004 -0.9538 -0.0 
8.569458 3.699741 1.328021 0.444445 0.666667 0.3004 -0.9538 -0.0 
8.503483 3.678958 1.393995 0.45 0.661111 0.0 -0.9538 -0.3005 
7.315953 3.678958 1.393995 0.55 0.661111 0.0 -0.9538 -0.3005 
7.249979 3.699741 1.328021 0.555556 0.666667 0.0 -0.9538 -0.3005 
8.569458 3.699741 1.328021 0.444445 0.666667 -0.3005 -0.9538 -0.0 
8.635431 3.678958 1.393995 0.438889 0.661111 -0.3005 -0.9538 -0.0 
8.635431 3.678958 2.581526 0.438889 0.561111 -0.3005 -0.9538 -0.0 
8.635431 3.678958 2.581526 0.438889 0.561111 0.0 -0.9538 0.3004 
9.822964 3.678958 2.581526 0.338889 0.561111 0.0 -0.9538 0.3005 
9.888937 3.69974 2.6475 0.333333 0.555556 0.0 -0.9538 0.3005 
9.822964 3.678958 2.581526 0.338889 0.561111 0.3004 -0.9538 -0.0 
9.822964 3.678958 1.393995 0.338889 0.661111 0.3005 -0.9538 0.0 
9.888937 3.699741 1.328021 0.333333 0.666667 0.3005 -0.9538 0.0 
9.822964 3.678958 1.393995 0.338889 0.661111 0.0 -0.9538 -0.3005 
8.635431 3.678958 1.393995 0.438889 0.661111 0.0 -0.9538 -0.3005 
8.569458 3.699741 1.328021 0.444445 0.666667 0.0 -0.9538 -0.3005 
5.996474 3.678958 2.713474 0.661111 0.55 -0.3005 -0.9538 -0.0 
5.996474 3.678958 3.901004 0.661111 0.45 -0.3005 -0.9538 -0.0 
5.930501 3.69974 3.966979 0.666667 0.444444 -0.3005 -0.9538 -0.0 
5.996474 3.678958 3.901004 0.661111 0.45 0.0 -0.9538 0.3004 
7.184005 3.678958 3.901004 0.561111 0.45 0.0 -0.9538 0.3005 
7.249979 3.69974 3.966979 0.555556 0.444444 0.0 -0.9538 0.3005 
7.249979 3.69974 3.966979 0.555556 0.444444 0.3004 -0.9538 -0.0 
7.184005 3.678958 3.901004 0.561111 0.45 0.3004 -0.9538 -0.0 
7.184005 3.678958 2.713474 0.561111 0.55 0.3004 -0.9538 -0.0 
7.184005 3.678958 2.713474 0.561111 0.55 0.0 -0.9538 -0.3004 
5.996474 3.678958 2.713474 0.661111 0.55 0.0 -0.9538 -0.3005 
5.930501 3.69974 2.6475 0.666667 0.555555 0.0 -0.9538 -0.3005 
7.315953 3.678958 2.713474 0.55 0.55 -0.3005 -0.9538 -0.0 
7.315953 3.678958 3.901004 0.55 0.45 -0.3004 -0.9538 0.0 
7.249979 3.69974 3.966979 0.555556 0.444444 -0.3004 -0.9538 0.0 
7.315953 3.678958 3.901004 0.55 0.45 0.0 -0.9538 0.3004 
8.503483 3.678958 3.901004 0.45 0.45 0.0 -0.9538 0.3005 
8.569458 3.69974 3.966979 0.444445 0.444444 0.0 -0.9538 0.3005 
8.503483 3.678958 3.901004 0.45 0.45 0.3004 -0.9538 -0.0 
8.503483 3.678958 2.713474 0.45 0.55 0.3004 -0.9538 -0.0 
8.569458 3.69974 2.6475 0.444445 0.555556 0.3004 -0.9538 -0.0 
8.503483 3.678958 2.713474 0.45 0.55 0.0 -0.9538 -0.3005 
7.315953 3.678958 2.713474 0.55 0.55 0.0 -0.9538 -0.3004 
7.249979 3.69974 2.6475 0.555556 0.555555 0.0 -0.9538 -0.3004 
8.635431 3.678958 2.713474 0.438889 0.55 -0.3005 -0.9538 -0.0 
8.635431 3.678958 3.901004 0.438889 0.45 -0.3005 -0.9538 -0.0 
8.569458 3.69974 3.966979 0.444445 0.444444 -0.3005 -0.9538 -0.0 
8.635431 3.678958 3.901004 0.438889 0.45 0.0 -0.9538 0.3004 
9.822964 3.678958 3.901004 0.338889 0.45 0.0 -0.9538 0.3005 
9.888937 3.69974 3.966979 0.333333 0.444444 0.0 -0.9538 0.3005 
9.888937 3.69974 3.966979 0.333333 0.444444 0.3005 -0.9538 0.0 
9.822964 3.678958 3.901004 0.338889 0.45 0.3005 -0.9538 0.0 
9.822964 3.678958 2.713474 0.338889 0.55 0.3004 -0.9538 -0.0 
9.822964 3.678958 2.713474 0.338889 0.55 0.0 -0.9538 -0.3004 
8.635431 3.678958 2.713474 0.438889 0.55 0.0 -0.9538 -0.3005 
8.569458 3.69974 2.6475 0.444445 0.555556 0.0 -0.9538 -0.3005 
5.996474 3.678958 4.032952 0.661111 0.438889 -0.3005 -0.9538 -0.0 
5.996474 3.678958 5.220483 0.661111 0.338889 -0.3005 -0.9538 -0.0 
5.930501 3.69974 5.286457 0.666667 0.333333 -0.3005 -0.9538 -0.0 
5.996474 3.678958 5.220483 0.661111 0.338889 0.0 -0.9538 0.3004 
7.184005 3.678958 5.220483 0.561111 0.338889 0.0 -0.9538 0.3005 
7.249979 3.69974 5.286457 0.555556 0.333333 0.0 -0.9538 0.3005 
7.184005 3.678958 5.220483 0.561111 0.338889 0.3005 -0.9538 0.0 
7.184005 3.678958 4.032952 0.561111 0.438889 0.3005 -0.9538 0.0 
7.249979 3.69974 3.966979 0.555556 0.444444 0.3005 -0.9538 0.0 
7.184005 3.678958 4.032952 0.561111 0.438889 0.0 -0.9538 -0.3004 
5.996474 3.678958 4.032952 0.661111 0.438889 0.0 -0.9538 -0.3005 
5.930501 3.69974 3.966979 0.666667 0.444444 0.0 -0.9538 -0.3005 
7.315953 3.678958 4.032952 0.55 0.438889 -0.3004 -0.9538 0.0 
7.315953 3.678958 5.220483 0.55 0.338889 -0.3005 -0.9538 -0.0 
7.249979 3.69974 5.286457 0.555556 0.333333 -0.3005 -0.9538 -0.0 
7.315953 3.678958 5.220483 0.55 0.338889 0.0 -0.9538 0.3004 
8.503483 3.678958 5.220483 0.45 0.338889 0.0 -0.9538 0.3005 
8.569458 3.69974 5.286457 0.444445 0.333333 0.0 -0.9538 0.3005 
8.503483 3.678958 5.220483 0.45 0.338889 0.3004 -0.9538 -0.0 
8.503483 3.678958 4.032952 0.45 0.438889 0.3004 -0.9538 -0.0 
8.569458 3.69974 3.966979 0.444445 0.444444 0.3004 -0.9538 -0.0 
8.503483 3.678958 4.032952 0.45 0.438889 0.0 -0.9538 -0.3005 
7.315953 3.678958 4.032952 0.55 0.438889 0.0 -0.9538 -0.3004 
7.249979 3.69974 3.966979 0.555556 0.444444 0.0 -0.9538 -0.3004 
8.635431 3.678958 4.032952 0.438889 0.438889 -0.3005 -0.9538 -0.0 
8.635431 3.678958 5.220483 0.438889 0.338889 -0.3004 -0.9538 0.0 
8.569458 3.69974 5.286457 0.444445 0.333333 -0.3004 -0.9538 0.0 
8.635431 3.678958 5.220483 0.438889 0.338889 0.0 -0.9538 0.3004 
9.822964 3.678958 5.220483 0.338889 0.338889 0.0 -0.9538 0.3005 
9.888937 3.69974 5.286457 0.333333 0.333333 0.0 -0.9538 0.3005 
9.822964 3.678958 5.220483 0.338889 0.338889 0.3005 -0.9538 0.0 
9.822964 3.678958 4.032952 0.338889 0.438889 0.3004 -0.9538 -0.0 
9.888937 3.69974 3.966979 0.333333 0.444444 0.3004 -0.9538 -0.0 
9.822964 3.678958 4.032952 0.338889 0.438889 0.0 -0.9538 -0.3004 
8.635431 3.678958 4.032952 0.438889 0.438889 0.0 -0.9538 -0.3005 
8.569458 3.69974 3.966979 0.444445 0.444444 0.0 -0.9538 -0.3005 
7.184005 3.765714 5.307239 0.994444 0.105556 0.0 0.0 1.0 
8.503483 3.765714 5.307239 0.994444 0.216667 0.0 0.0 1.0 
9.822964 3.765714 5.307239 0.994444 0.327778 0.0 0.0 1.0 
7.184005 5.085193 5.307239 0.883333 0.105556 0.0 0.0 1.0 
8.503483 5.085193 5.307239 0.883333 0.216667 0.0 0.0 1.0 
9.822964 5.085193 5.307239 0.883333 0.327778 0.0 0.0 1.0 
7.184005 6.404672 5.307239 0.772222 0.105556 0.0 0.0 1.0 
8.503483 6.404672 5.307239 0.772222 0.216667 0.0 0.0 1.0 
9.822964 6.404672 5.307239 0.772222 0.327778 0.0 0.0 1.0 
9.909719 3.765714 4.032952 0.327778 0.105556 1.0 0.0 0.0 
9.909719 3.765714 2.713474 0.327778 0.216667 1.0 0.0 0.0 
9.909719 3.765714 1.393995 0.327778 0.327778 1.0 0.0 0.0 
9.909719 5.085193 4.032953 0.216667 0.105556 1.0 0.0 0.0 
9.909719 5.085193 2.713474 0.216667 0.216667 1.0 0.0 0.0 
9.909719 5.085193 1.393995 0.216667 0.327778 1.0 0.0 0.0 
9.909719 6.404672 5.220483 0.105556 0.005556 1.0 0.0 0.0 
9.909719 6.404672 2.713474 0.105556 0.216667 1.0 0.0 0.0 
9.909719 6.404672 1.393995 0.105556 0.327778 1.0 0.0 0.0 
8.635431 3.765714 1.307239 0.327778 0.772222 0.0 0.0 -1.0 
7.315953 3.765714 1.307239 0.327778 0.883333 0.0 0.0 -1.0 
5.996474 3.765714 1.307239 0.327778 0.994444 0.0 0.0 -1.0 
8.635431 5.085194 1.307239 0.216667 0.772222 0.0 0.0 -1.0 
7.315953 5.085194 1.307239 0.216667 0.883333 0.0 0.0 -1.0 
5.996474 5.085194 1.307239 0.216667 0.994444 0.0 0.0 -1.0 
8.635431 6.404672 1.307239 0.105555 0.772222 0.0 0.0 -1.0 
7.315953 6.404672 1.307239 0.105555 0.883333 0.0 0.0 -1.0 
5.996474 6.404672 1.307239 0.105555 0.994444 0.0 0.0 -1.0 
5.909718 3.765714 1.393995 0.327778 0.338889 -1.0 0.0 0.0 
5.909718 3.765714 3.901004 0.327778 0.55 -1.0 0.0 0.0 
5.909718 3.765714 4.032952 0.327778 0.561111 -1.0 0.0 0.0 
5.909718 5.085193 2.581526 0.216667 0.438889 -1.0 0.0 0.0 
5.909718 5.085193 3.901005 0.216667 0.55 -1.0 0.0 0.0 
5.909718 5.085193 5.220483 0.216667 0.661111 -1.0 0.0 0.0 
5.909718 6.404672 2.581526 0.105556 0.438889 -1.0 0.0 0.0 
5.909718 6.404672 2.713474 0.105556 0.45 -1.0 0.0 0.0 
5.909718 6.404672 5.220483 0.105556 0.661111 -1.0 0.0 0.0 
7.184005 7.678958 5.220483 0.438889 0.005556 0.0 1.0 0.0 
8.503483 7.678958 5.220483 0.55 0.005556 0.0 1.0 0.0 
9.822964 7.678958 5.220483 0.661111 0.005556 0.0 1.0 0.0 
7.184005 7.678958 3.901005 0.438889 0.116667 0.0 1.0 0.0 
8.503483 7.678958 3.901005 0.55 0.116667 0.0 1.0 0.0 
9.822964 7.678958 3.901005 0.661111 0.116667 0.0 1.0 0.0 
7.184005 7.678958 2.581526 0.438889 0.227778 0.0 1.0 0.0 
8.503483 7.678958 2.581526 0.55 0.227778 0.0 1.0 0.0 
9.822964 7.678958 2.581526 0.661111 0.227778 0.0 1.0 0.0 
7.184005 3.678958 1.393995 0.561111 0.661111 0.0 -1.0 0.0 
8.503483 3.678958 1.393995 0.45 0.661111 0.0 -1.0 0.0 
9.822964 3.678958 1.393995 0.338889 0.661111 0.0 -1.0 0.0 
7.184005 3.678958 2.713474 0.561111 0.55 0.0 -1.0 0.0 
8.503483 3.678958 2.713474 0.45 0.55 0.0 -1.0 0.0 
9.822964 3.678958 2.713474 0.338889 0.55 0.0 -1.0 0.0 
7.184005 3.678958 4.032952 0.561111 0.438889 0.0 -1.0 0.0 
8.503483 3.678958 4.032952 0.45 0.438889 0.0 -1.0 0.0 
9.822964 3.678958 4.032952 0.338889 0.438889 0.0 -1.0 0.0 
5.930501 3.69974 5.286457 1.0 0.0 -0.3005 -0.0 0.9538 
5.930501 5.019219 5.286458 0.888889 0.0 0.0 0.3004 0.9538 
7.249979 3.69974 5.286457 1.0 0.111111 0.3005 -0.0 0.9538 
7.249979 3.69974 5.286457 1.0 0.111111 0.0 -0.3005 0.9538 
7.249979 3.69974 5.286457 1.0 0.111111 -0.3005 -0.0 0.9538 
8.569458 3.69974 5.286457 1.0 0.222222 0.3004 -0.0 0.9538 
8.569458 3.69974 5.286457 1.0 0.222222 -0.3005 -0.0 0.9538 
9.888937 3.69974 5.286457 1.0 0.333333 0.3005 -0.0 0.9538 
9.888937 3.69974 5.286457 1.0 0.333333 0.0 -0.3004 0.9538 
5.930501 6.338698 5.286458 0.777778 0.0 0.0 0.3004 0.9538 
8.569458 6.338698 5.286458 0.777778 0.222222 0.3004 -0.0 0.9538 
9.888937 5.019219 5.286458 0.888889 0.333333 0.0 -0.3004 0.9538 
5.930501 6.338698 5.286458 0.777778 0.0 -0.3004 0.0 0.9538 
5.930501 7.658176 5.286458 0.666667 0.0 0.0 0.3004 0.9538 
7.249979 7.658176 5.286458 0.666667 0.111111 0.3004 -0.0 0.9538 
8.569458 6.338698 5.286458 0.777778 0.222222 -0.3004 0.0 0.9538 
9.888937 7.658176 5.286458 0.666667 0.333333 0.3004 -0.0 0.9538 
9.888937 6.338698 5.286458 0.777778 0.333333 0.0 -0.3004 0.9538 
9.888937 3.69974 5.286457 0.333333 0.0 0.9538 0.0 0.3005 
9.888937 5.019219 5.286458 0.222222 0.0 0.9538 0.3005 0.0 
9.888937 3.69974 3.966979 0.333333 0.111111 0.9538 0.0 0.3005 
9.888937 5.019219 3.966979 0.222222 0.111111 0.9538 0.3005 0.0 
9.888937 3.69974 2.6475 0.333333 0.222222 0.9538 0.0 -0.3005 
9.888937 3.69974 2.6475 0.333333 0.222222 0.9538 0.0 0.3005 
9.888937 3.699741 1.328021 0.333333 0.333333 0.9538 0.0 -0.3005 
9.888937 3.699741 1.328021 0.333333 0.333333 0.9538 -0.3005 0.0 
9.888937 6.338698 5.286458 0.111111 0.0 0.9538 0.3005 0.0 
9.888937 6.338698 3.966979 0.111111 0.111111 0.9538 0.0 -0.3005 
9.888937 6.338698 3.966979 0.111111 0.111111 0.9538 0.3005 0.0 
9.888937 5.019219 1.328021 0.222222 0.333333 0.9538 -0.3005 0.0 
9.888937 7.658176 5.286458 0.0 0.0 0.9538 0.3005 0.0 
9.888937 6.338698 3.966979 0.111111 0.111111 0.9538 -0.3005 0.0 
9.888937 7.658176 3.966979 0.0 0.111111 0.9538 0.3005 0.0 
9.888937 7.658176 1.328021 0.0 0.333333 0.9538 0.3005 0.0 
9.888937 6.338698 1.328021 0.111111 0.333333 0.9538 -0.3005 0.0 
9.888937 5.019219 1.328021 0.222222 0.666667 0.3005 0.0 -0.9538 
9.888937 5.019219 1.328021 0.222222 0.666667 0.0 0.3004 -0.9538 
8.569458 5.019219 1.328021 0.222222 0.777778 -0.3005 0.0 -0.9538 
8.569458 5.019219 1.328021 0.222222 0.777778 0.3004 0.0 -0.9538 
7.249979 5.019219 1.328021 0.222222 0.888889 -0.3004 0.0 -0.9538 
7.249979 5.019219 1.328021 0.222222 0.888889 0.3005 0.0 -0.9538 
5.930501 5.019219 1.328021 0.222222 1.0 -0.3005 0.0 -0.9538 
5.930501 3.699741 1.328021 0.333333 1.0 0.0 -0.3004 -0.9538 
9.888937 5.019219 1.328021 0.222222 0.666667 0.3004 0.0 -0.9538 
9.888937 6.338698 1.328021 0.111111 0.666667 0.0 0.3004 -0.9538 
8.569458 5.019219 1.328021 0.222222 0.777778 -0.3004 0.0 -0.9538 
7.249979 5.019219 1.328021 0.222222 0.888889 0.3004 0.0 -0.9538 
5.930501 5.019219 1.328021 0.222222 1.0 -0.3004 0.0 -0.9538 
5.930501 5.019219 1.328021 0.222222 1.0 0.0 -0.3004 -0.9538 
9.888937 7.658176 1.328021 0.0 0.666667 0.0 0.3004 -0.9538 
8.569458 7.658176 1.328021 0.0 0.777778 0.0 0.3005 -0.9538 
5.930501 7.658176 1.328021 0.0 1.0 -0.3004 0.0 -0.9538 
5.930501 6.338698 1.328021 0.111111 1.0 0.0 -0.3004 -0.9538 
5.930501 5.019219 1.328021 0.222222 0.333333 -0.9538 0.0 -0.3005 
5.930501 5.019219 1.328021 0.222222 0.333333 -0.9538 0.3005 0.0 
5.930501 3.69974 2.6475 0.333333 0.444444 -0.9538 0.0 0.3005 
5.930501 3.699741 1.328021 0.333333 0.333333 -0.9538 -0.3005 -0.0 
5.930501 3.69974 2.6475 0.333333 0.444444 -0.9538 0.0 -0.3005 
5.930501 3.69974 3.966979 0.333333 0.555556 -0.9538 0.0 -0.3005 
5.930501 5.019219 5.286458 0.222222 0.666667 -0.9538 0.3005 0.0 
5.930501 5.019219 5.286458 0.222222 0.666667 -0.9538 0.0 0.3005 
5.930501 3.69974 5.286457 0.333333 0.666667 -0.9538 -0.3005 -0.0 
5.930501 6.338698 1.328021 0.111111 0.333333 -0.9538 0.3005 0.0 
5.930501 5.019219 1.328021 0.222222 0.333333 -0.9538 -0.3005 -0.0 
5.930501 6.338698 3.966979 0.111111 0.555556 -0.9538 0.3005 0.0 
5.930501 5.019219 5.286458 0.222222 0.666667 -0.9538 -0.3005 -0.0 
5.930501 7.658176 1.328021 0.0 0.333333 -0.9538 0.3005 0.0 
5.930501 7.658176 3.966979 0.0 0.555556 -0.9538 0.0 0.3005 
5.930501 6.338698 5.286458 0.111111 0.666667 -0.9538 -0.3005 -0.0 
5.930501 7.658176 5.286458 0.333333 0.0 -0.3005 0.9538 0.0 
5.930501 7.658176 3.966979 0.333333 0.111111 0.0 0.9538 -0.3005 
7.249979 7.658176 3.966979 0.444445 0.111111 0.3004 0.9538 0.0 
7.249979 7.658176 5.286458 0.444445 0.0 0.0 0.9538 0.3005 
7.249979 7.658176 5.286458 0.444445 0.0 -0.3004 0.9538 0.0 
8.569458 7.658176 5.286458 0.555556 0.0 0.0 0.9538 0.3005 
8.569458 7.658176 5.286458 0.555556 0.0 -0.3004 0.9538 0.0 
8.569458 7.658176 3.966979 0.555556 0.111111 0.0 0.9538 -0.3005 
9.888937 7.658176 3.966979 0.666667 0.111111 0.3005 0.9538 0.0 
9.888937 7.658176 5.286458 0.666667 0.0 0.0 0.9538 0.3005 
5.930501 7.658176 2.6475 0.333333 0.222222 0.0 0.9538 -0.3005 
7.249979 7.658176 2.6475 0.444445 0.222222 0.3004 0.9538 0.0 
7.249979 7.658176 3.966979 0.444445 0.111111 0.0 0.9538 0.3005 
7.249979 7.658176 3.966979 0.444445 0.111111 -0.3004 0.9538 0.0 
8.569458 7.658176 3.966979 0.555556 0.111111 0.0 0.9538 0.3005 
8.569458 7.658176 2.6475 0.555556 0.222222 0.0 0.9538 -0.3005 
9.888937 7.658176 2.6475 0.666667 0.222222 0.3004 0.9538 0.0 
9.888937 7.658176 3.966979 0.666667 0.111111 0.0 0.9538 0.3005 
5.930501 7.658176 1.328021 0.333333 0.333333 -0.3005 0.9538 0.0 
5.930501 7.658176 1.328021 0.333333 0.333333 0.0 0.9538 -0.3005 
7.249979 7.658176 1.328021 0.444445 0.333333 0.3004 0.9538 0.0 
7.249979 7.658176 2.6475 0.444445 0.222222 0.0 0.9538 0.3005 
7.249979 7.658176 1.328021 0.444445 0.333333 -0.3004 0.9538 0.0 
8.569458 7.658176 1.328021 0.555556 0.333333 0.3004 0.9538 0.0 
8.569458 7.658176 2.6475 0.555556 0.222222 0.0 0.9538 0.3005 
8.569458 7.658176 1.328021 0.555556 0.333333 -0.3004 0.9538 0.0 
8.569458 7.658176 1.328021 0.555556 0.333333 0.0 0.9538 -0.3005 
9.888937 7.658176 1.328021 0.666667 0.333333 0.3004 0.9538 0.0 
9.888937 7.658176 2.6475 0.666667 0.222222 0.0 0.9538 0.3005 
5.930501 3.69974 2.6475 0.666667 0.555555 -0.3005 -0.9538 -0.0 
5.930501 3.69974 2.6475 0.666667 0.555555 0.0 -0.9538 0.3004 
7.249979 3.69974 2.6475 0.555556 0.555555 0.3004 -0.9538 -0.0 
7.249979 3.699741 1.328021 0.555556 0.666667 -0.3005 -0.9538 -0.0 
7.249979 3.69974 2.6475 0.555556 0.555555 0.0 -0.9538 0.3004 
8.569458 3.69974 2.6475 0.444445 0.555556 -0.3005 -0.9538 -0.0 
8.569458 3.69974 2.6475 0.444445 0.555556 0.0 -0.9538 0.3004 
9.888937 3.69974 2.6475 0.333333 0.555556 0.3004 -0.9538 -0.0 
9.888937 3.699741 1.328021 0.333333 0.666667 0.0 -0.9538 -0.3005 
5.930501 3.69974 3.966979 0.666667 0.444444 0.0 -0.9538 0.3004 
7.249979 3.69974 2.6475 0.555556 0.555555 -0.3005 -0.9538 -0.0 
7.249979 3.69974 3.966979 0.555556 0.444444 0.0 -0.9538 0.3004 
8.569458 3.69974 3.966979 0.444445 0.444444 0.0 -0.9538 0.3004 
9.888937 3.69974 2.6475 0.333333 0.555556 0.0 -0.9538 -0.3004 
5.930501 3.69974 5.286457 0.666667 0.333333 0.0 -0.9538 0.3004 
7.249979 3.69974 5.286457 0.555556 0.333333 0.3005 -0.9538 0.0 
7.249979 3.69974 5.286457 0.555556 0.333333 0.0 -0.9538 0.3004 
8.569458 3.69974 5.286457 0.444445 0.333333 0.3004 -0.9538 -0.0 
8.569458 3.69974 5.286457 0.444445 0.333333 0.0 -0.9538 0.3004 
9.888937 3.69974 5.286457 0.333333 0.333333 0.3005 -0.9538 0.0 
9.888937 3.69974 3.966979 0.333333 0.444444 0.0 -0.9538 -0.3004 

0 1 2
3 4 5
6 7 8
9 10 11
12 13 14
15 16 17
18 19 20
21 22 23
24 25 26
27 28 29
30 31 32
33 34 35
36 37 38
39 40 41
42 43 44
45 46 47
48 49 50
51 52 53
54 55 56
57 58 59
60 61 62
63 64 65
66 67 68
69 70 71
72 73 74
75 76 77
78 79 80
81 82 83
84 85 86
87 88 89
90 91 92
93 94 95
96 97 98
99 100 101
102 103 104
105 106 107
108 109 110
111 112 113
114 115 116
117 118 119
120 121 122
123 124 125
126 127 128
129 130 131
132 133 134
135 136 137
138 139 140
141 142 143
144 145 146
147 148 149
150 151 152
153 154 155
156 157 158
159 160 161
162 163 164
165 166 167
168 169 170
171 172 173
174 175 176
177 178 179
180 181 182
183 184 185
186 187 188
189 190 191
192 193 194
195 196 197
198 199 200
201 202 203
204 205 206
207 208 209
210 211 212
213 214 215
216 217 180
218 219 220
221 222 223
224 225 226
227 228 229
230 231 232
233 234 235
236 237 238
239 240 241
242 243 244
245 246 247
248 249 250
251 252 253
254 255 256
257 258 259
260 261 262
263 264 265
266 267 268
269 270 271
272 273 274
275 276 277
278 279 280
281 282 283
284 285 286
287 288 289
290 291 292
293 294 295
296 297 298
299 300 301
302 303 304
305 306 307
308 309 310
311 312 313
314 315 316
317 318 319
320 321 322
323 324 325
326 327 328
329 330 331
332 333 334
335 336 337
338 339 340
341 342 343
344 345 346
347 348 349
350 351 352
353 354 355
356 357 358
359 360 361
362 363 364
365 366 367
358 368 369
370 371 372
373 374 375
376 377 378
379 380 381
382 383 384
385 386 387
388 389 390
391 392 393
394 395 396
397 398 399
400 401 402
403 404 405
406 407 408
409 410 411
412 413 414
415 416 417
418 419 420
421 422 423
424 425 426
427 428 429
430 431 432
433 434 435
436 437 438
439 440 441
442 443 444
445 446 447
448 449 450
451 452 453
454 455 456
457 458 459
460 461 462
463 464 465
466 467 468
469 470 471
472 473 474
475 476 477
478 479 442
480 481 482
483 484 485
486 487 488
489 490 491
492 493 494
495 496 497
498 499 500
501 502 503
504 505 492
506 507 508
509 510 511
512 513 514
515 516 517
518 519 520
521 522 523
524 525 526
527 528 529
530 531 532
523 533 534
535 536 537
538 539 540
541 542 543
544 545 546
547 548 549
550 551 552
553 554 555
556 557 558
559 560 561
562 563 564
565 566 567
568 569 570
571 572 573
574 575 576
577 578 579
580 581 582
583 584 585
586 587 588
589 590 591
592 593 594
595 596 597
598 599 600
601 602 603
604 605 606
607 608 609
610 611 612
613 614 615
616 617 618
619 620 621
622 623 624
591 625 626
627 628 629
630 631 632
633 634 635
636 637 638
639 640 641
642 643 644
645 646 647
648 649 650
651 652 653
654 655 656
657 658 659
660 661 662
663 664 665
666 667 668
669 670 671
672 673 674
675 676 677
678 679 680
681 682 683
684 685 686
687 688 689
690 691 692
693 694 695
696 697 698
699 700 701
702 703 704
705 706 707
708 709 710
711 712 713
714 715 716
717 718 719
720 721 722
723 724 725
726 727 728
729 730 731
732 733 734
735 736 737
738 739 740
741 742 743
744 745 746
747 748 749
750 751 752
753 754 755
756 757 758
759 760 761
762 763 764
765 766 767
768 769 770
771 772 773
774 775 776
777 778 779
780 781 782
783 784 785
786 787 788
789 790 791
792 793 794
795 796 797
798 799 800
801 802 803
804 0 2
805 3 5
806 6 8
807 9 11
808 12 14
809 15 17
810 18 20
811 21 23
812 24 26
813 27 29
814 30 32
815 33 35
816 36 38
817 39 41
818 42 44
819 45 47
820 48 50
821 51 53
822 54 56
823 57 59
824 60 62
825 63 65
826 66 68
827 69 71
828 72 74
829 75 77
830 78 80
831 81 83
832 84 86
833 87 89
834 90 92
835 93 95
836 96 98
837 99 101
838 102 104
839 105 107
840 108 110
841 111 113
842 114 116
843 117 119
844 120 122
845 123 125
846 126 128
847 129 131
848 132 134
849 135 137
850 138 140
851 141 143
852 144 146
853 147 149
854 150 152
855 153 155
856 156 158
857 159 161
858 162 164
859 165 167
860 168 170
861 171 173
862 174 176
167 177 179
863 180 182
197 183 185
864 186 188
179 189 191
865 192 194
866 195 197
164 198 200
867 201 203
241 204 206
220 207 209
176 210 212
203 213 215
868 216 180
232 218 220
188 221 223
215 224 226
265 227 229
869 230 232
870 233 235
871 236 238
872 239 241
256 242 244
212 245 247
238 248 250
868 251 253
268 254 256
873 257 259
250 260 262
874 263 265
875 266 268
876 269 271
877 272 274
313 275 277
292 278 280
878 281 283
879 284 286
880 287 289
304 290 292
881 293 295
286 296 298
882 299 301
883 302 304
271 305 307
884 308 310
885 311 313
328 314 316
283 317 319
886 320 322
287 323 325
340 326 328
295 329 331
322 332 334
299 335 337
887 338 340
307 341 343
888 344 346
885 347 349
889 350 352
319 353 355
890 356 358
323 359 361
375 362 364
331 365 367
891 358 369
335 370 372
892 373 375
893 376 378
894 379 381
895 382 384
399 385 387
896 388 390
381 391 393
897 394 396
411 397 399
898 400 402
393 403 405
899 406 408
900 409 411
901 412 414
902 415 417
903 418 420
435 421 423
896 424 426
417 427 429
897 430 432
447 433 435
904 436 438
429 439 441
905 442 444
906 445 447
414 448 450
907 451 453
418 454 456
471 457 459
426 460 462
908 463 465
430 466 468
482 469 471
438 472 474
465 475 477
909 478 442
910 480 482
911 483 485
912 486 488
913 489 491
914 492 494
915 495 497
488 498 500
537 501 503
517 504 492
916 506 508
917 509 511
918 512 514
919 515 517
911 518 520
920 521 523
489 524 526
921 527 529
497 530 532
922 523 534
573 535 537
552 538 540
508 541 543
922 544 546
918 547 549
923 550 552
520 553 555
924 556 558
524 559 561
576 562 564
532 565 567
558 568 570
925 571 573
588 574 576
543 577 579
570 580 582
547 583 585
926 586 588
927 589 591
928 592 594
929 595 597
930 598 600
931 601 603
594 604 606
644 607 609
932 610 612
933 613 615
934 616 618
935 619 621
936 622 624
660 591 626
937 627 629
938 630 632
939 633 635
940 636 638
629 639 641
680 642 644
941 645 647
684 648 650
942 651 653
943 654 656
944 657 659
945 660 662
946 663 665
947 666 668
948 669 671
949 672 674
665 675 677
950 678 680
951 681 683
952 684 686
953 687 689
954 690 692
955 693 695
956 696 698
957 699 701
958 702 704
719 705 707
959 708 710
960 711 713
752 714 716
731 717 719
961 720 722
962 723 725
963 726 728
964 729 731
956 732 734
965 735 737
958 738 740
755 741 743
966 744 746
967 747 749
788 750 752
767 753 755
961 756 758
968 759 761
963 762 764
969 765 767
734 768 770
970 771 773
971 774 776
791 777 779
746 780 782
972 783 785
973 786 788
803 789 791
758 792 794
974 795 797
975 798 800
976 801 803
