3744
1.801981  2.516944 -0.496204
1.801981  2.516944 -0.118389
-1.943803  2.516944 -0.118389
1.801982  2.894759 -0.496204
-1.943803  2.894759 -0.496204
-1.943803  2.894759 -0.118389
1.801981  2.516944 -0.496204
1.801982  2.894759 -0.496204
1.801980  2.894759 -0.118389
1.801981  2.516944 -0.118389
1.801980  2.894759 -0.118389
-1.943803  2.894759 -0.118389
-1.943803  2.516944 -0.118389
-1.943803  2.894759 -0.118389
-1.943803  2.894759 -0.496204
1.801982  2.894759 -0.496204
1.801981  2.516944 -0.496204
-1.943802  2.516944 -0.496204
0.242133  0.994521 -2.037792
-0.242133  0.994521 -2.037792
-0.538072  0.580764 -2.276675
1.791792  2.516944 -2.446019
-1.958207  2.516944 -2.446020
-1.958208  2.516944 2.803980
-0.949728  0.368486 -1.781816
-0.949728  0.368486 -1.981816
-0.910710  0.368486 -1.977973
-0.949728  2.568486 -1.781816
-0.910710  2.568486 -1.977973
-0.949728  2.568486 -1.981816
-0.949728  0.368486 -1.781816
-0.910710  0.368486 -1.977973
-0.873192  0.368486 -1.966592
-0.949728  2.568486 -1.781816
-0.873191  2.568486 -1.966592
-0.910710  2.568486 -1.977973
-0.949728  0.368486 -1.781816
-0.873192  0.368486 -1.966592
-0.838614  0.368486 -1.948110
-0.949728  2.568486 -1.781816
-0.838614  2.568486 -1.948110
-0.873191  2.568486 -1.966592
-0.949728  0.368486 -1.781816
-0.838614  0.368486 -1.948110
-0.808307  0.368486 -1.923237
-0.949728  2.568486 -1.781816
-0.808307  2.568486 -1.923237
-0.838614  2.568486 -1.948110
-0.949728  0.368486 -1.781816
-0.808307  0.368486 -1.923237
-0.783434  0.368486 -1.892930
-0.949728  2.568486 -1.781816
-0.783434  2.568486 -1.892930
-0.808307  2.568486 -1.923237
-0.949728  0.368486 -1.781816
-0.783434  0.368486 -1.892930
-0.764952  0.368486 -1.858353
-0.949728  2.568486 -1.781816
-0.764952  2.568486 -1.858352
-0.783434  2.568486 -1.892930
-0.949728  0.368486 -1.781816
-0.764952  0.368486 -1.858353
-0.753571  0.368486 -1.820834
-0.949728  2.568486 -1.781816
-0.753571  2.568486 -1.820834
-0.764952  2.568486 -1.858352
-0.949728  0.368486 -1.781816
-0.753571  0.368486 -1.820834
-0.749728  0.368486 -1.781816
-0.949728  2.568486 -1.781816
-0.749728  2.568486 -1.781816
-0.753571  2.568486 -1.820834
-0.949728  0.368486 -1.781816
-0.749728  0.368486 -1.781816
-0.753571  0.368486 -1.742798
-0.949728  2.568486 -1.781816
-0.753571  2.568486 -1.742798
-0.749728  2.568486 -1.781816
-0.949728  0.368486 -1.781816
-0.753571  0.368486 -1.742798
-0.764952  0.368486 -1.705279
-0.949728  2.568486 -1.781816
-0.764953  2.568486 -1.705279
-0.753571  2.568486 -1.742798
-0.949728  0.368486 -1.781816
-0.764952  0.368486 -1.705279
-0.783434  0.368486 -1.670702
-0.949728  2.568486 -1.781816
-0.783435  2.568486 -1.670702
-0.764953  2.568486 -1.705279
-0.949728  0.368486 -1.781816
-0.783434  0.368486 -1.670702
-0.808307  0.368486 -1.640395
-0.949728  2.568486 -1.781816
-0.808307  2.568486 -1.640395
-0.783435  2.568486 -1.670702
-0.949728  0.368486 -1.781816
-0.808307  0.368486 -1.640395
-0.838614  0.368486 -1.615522
-0.949728  2.568486 -1.781816
-0.838614  2.568486 -1.615522
-0.808307  2.568486 -1.640395
-0.949728  0.368486 -1.781816
-0.838614  0.368486 -1.615522
-0.873192  0.368486 -1.597040
-0.949728  2.568486 -1.781816
-0.873192  2.568486 -1.597040
-0.838614  2.568486 -1.615522
-0.949728  0.368486 -1.781816
-0.873192  0.368486 -1.597040
-0.910710  0.368486 -1.585659
-0.949728  2.568486 -1.781816
-0.910710  2.568486 -1.585659
-0.873192  2.568486 -1.597040
-0.949728  0.368486 -1.781816
-0.910710  0.368486 -1.585659
-0.949728  0.368486 -1.581816
-0.949728  2.568486 -1.781816
-0.949728  2.568486 -1.581816
-0.910710  2.568486 -1.585659
-0.949728  0.368486 -1.781816
-0.949728  0.368486 -1.581816
-0.988746  0.368486 -1.585659
-0.949728  2.568486 -1.781816
-0.988746  2.568486 -1.585659
-0.949728  2.568486 -1.581816
-0.949728  0.368486 -1.781816
-0.988746  0.368486 -1.585659
-1.026265  0.368486 -1.597040
-0.949728  2.568486 -1.781816
-1.026265  2.568486 -1.597040
-0.988746  2.568486 -1.585659
-0.949728  0.368486 -1.781816
-1.026265  0.368486 -1.597040
-1.060843  0.368486 -1.615522
-0.949728  2.568486 -1.781816
-1.060842  2.568486 -1.615522
-1.026265  2.568486 -1.597040
-0.949728  0.368486 -1.781816
-1.060843  0.368486 -1.615522
-1.091150  0.368486 -1.640395
-0.949728  2.568486 -1.781816
-1.091149  2.568486 -1.640394
-1.060842  2.568486 -1.615522
-0.949728  0.368486 -1.781816
-1.091150  0.368486 -1.640395
-1.116022  0.368486 -1.670702
-0.949728  2.568486 -1.781816
-1.116022  2.568486 -1.670702
-1.091149  2.568486 -1.640394
-0.949728  0.368486 -1.781816
-1.116022  0.368486 -1.670702
-1.134504  0.368486 -1.705279
-0.949728  2.568486 -1.781816
-1.134504  2.568486 -1.705279
-1.116022  2.568486 -1.670702
-0.949728  0.368486 -1.781816
-1.134504  0.368486 -1.705279
-1.145885  0.368486 -1.742798
-0.949728  2.568486 -1.781816
-1.145885  2.568486 -1.742797
-1.134504  2.568486 -1.705279
-0.949728  0.368486 -1.781816
-1.145885  0.368486 -1.742798
-1.149728  0.368486 -1.781816
-0.949728  2.568486 -1.781816
-1.149728  2.568486 -1.781815
-1.145885  2.568486 -1.742797
-0.949728  0.368486 -1.781816
-1.149728  0.368486 -1.781816
-1.145885  0.368486 -1.820834
-0.949728  2.568486 -1.781816
-1.145886  2.568486 -1.820833
-1.149728  2.568486 -1.781815
-0.949728  0.368486 -1.781816
-1.145885  0.368486 -1.820834
-1.134504  0.368486 -1.858353
-0.949728  2.568486 -1.781816
-1.134505  2.568486 -1.858352
-1.145886  2.568486 -1.820833
-0.949728  0.368486 -1.781816
-1.134504  0.368486 -1.858353
-1.116022  0.368486 -1.892930
-0.949728  2.568486 -1.781816
-1.116023  2.568486 -1.892929
-1.134505  2.568486 -1.858352
-0.949728  0.368486 -1.781816
-1.116022  0.368486 -1.892930
-1.091149  0.368486 -1.923238
-0.949728  2.568486 -1.781816
-1.091151  2.568486 -1.923237
-1.116023  2.568486 -1.892929
-0.949728  0.368486 -1.781816
-1.091149  0.368486 -1.923238
-1.060842  0.368486 -1.948110
-0.949728  2.568486 -1.781816
-1.060843  2.568486 -1.948109
-1.091151  2.568486 -1.923237
-0.949728  0.368486 -1.781816
-1.060842  0.368486 -1.948110
-1.026265  0.368486 -1.966592
-0.949728  2.568486 -1.781816
-1.026266  2.568486 -1.966591
-1.060843  2.568486 -1.948109
-0.949728  0.368486 -1.781816
-1.026265  0.368486 -1.966592
-0.988746  0.368486 -1.977973
-0.949728  2.568486 -1.781816
-0.988748  2.568486 -1.977973
-1.026266  2.568486 -1.966591
-0.988746  0.368486 -1.977973
-0.949728  0.368486 -1.981816
-0.949728  0.368486 -1.781816
-0.949728  2.568486 -1.781816
-0.949728  2.568486 -1.981816
-0.988748  2.568486 -1.977973
-0.949728  0.368486 -1.981816
-0.949728  2.568486 -1.981816
-0.910710  2.568486 -1.977973
-0.910710  0.368486 -1.977973
-0.910710  2.568486 -1.977973
-0.873191  2.568486 -1.966592
-0.873192  0.368486 -1.966592
-0.873191  2.568486 -1.966592
-0.838614  2.568486 -1.948110
-0.838614  0.368486 -1.948110
-0.838614  2.568486 -1.948110
-0.808307  2.568486 -1.923237
-0.808307  0.368486 -1.923237
-0.808307  2.568486 -1.923237
-0.783434  2.568486 -1.892930
-0.783434  0.368486 -1.892930
-0.783434  2.568486 -1.892930
-0.764952  2.568486 -1.858352
-0.764952  0.368486 -1.858353
-0.764952  2.568486 -1.858352
-0.753571  2.568486 -1.820834
-0.753571  0.368486 -1.820834
-0.753571  2.568486 -1.820834
-0.749728  2.568486 -1.781816
-0.749728  0.368486 -1.781816
-0.749728  2.568486 -1.781816
-0.753571  2.568486 -1.742798
-0.753571  0.368486 -1.742798
-0.753571  2.568486 -1.742798
-0.764953  2.568486 -1.705279
-0.764952  0.368486 -1.705279
-0.764953  2.568486 -1.705279
-0.783435  2.568486 -1.670702
-0.783434  0.368486 -1.670702
-0.783435  2.568486 -1.670702
-0.808307  2.568486 -1.640395
-0.808307  0.368486 -1.640395
-0.808307  2.568486 -1.640395
-0.838614  2.568486 -1.615522
-0.838614  0.368486 -1.615522
-0.838614  2.568486 -1.615522
-0.873192  2.568486 -1.597040
-0.873192  0.368486 -1.597040
-0.873192  2.568486 -1.597040
-0.910710  2.568486 -1.585659
-0.910710  0.368486 -1.585659
-0.910710  2.568486 -1.585659
-0.949728  2.568486 -1.581816
-0.949728  0.368486 -1.581816
-0.949728  2.568486 -1.581816
-0.988746  2.568486 -1.585659
-0.988746  0.368486 -1.585659
-0.988746  2.568486 -1.585659
-1.026265  2.568486 -1.597040
-1.026265  0.368486 -1.597040
-1.026265  2.568486 -1.597040
-1.060842  2.568486 -1.615522
-1.060843  0.368486 -1.615522
-1.060842  2.568486 -1.615522
-1.091149  2.568486 -1.640394
-1.091150  0.368486 -1.640395
-1.091149  2.568486 -1.640394
-1.116022  2.568486 -1.670702
-1.116022  0.368486 -1.670702
-1.116022  2.568486 -1.670702
-1.134504  2.568486 -1.705279
-1.134504  0.368486 -1.705279
-1.134504  2.568486 -1.705279
-1.145885  2.568486 -1.742797
-1.145885  0.368486 -1.742798
-1.145885  2.568486 -1.742797
-1.149728  2.568486 -1.781815
-1.149728  0.368486 -1.781816
-1.149728  2.568486 -1.781815
-1.145886  2.568486 -1.820833
-1.145885  0.368486 -1.820834
-1.145886  2.568486 -1.820833
-1.134505  2.568486 -1.858352
-1.134504  0.368486 -1.858353
-1.134505  2.568486 -1.858352
-1.116023  2.568486 -1.892929
-1.116022  0.368486 -1.892930
-1.116023  2.568486 -1.892929
-1.091151  2.568486 -1.923237
-1.091149  0.368486 -1.923238
-1.091151  2.568486 -1.923237
-1.060843  2.568486 -1.948109
-1.060842  0.368486 -1.948110
-1.060843  2.568486 -1.948109
-1.026266  2.568486 -1.966591
-1.026265  0.368486 -1.966592
-1.026266  2.568486 -1.966591
-0.988748  2.568486 -1.977973
-0.949728  2.568486 -1.981816
-0.949728  0.368486 -1.981816
-0.988746  0.368486 -1.977973
-0.949728  0.368486 2.018184
-0.949728  0.368486 1.818184
-0.910710  0.368486 1.822027
-0.949728  2.568486 2.018184
-0.910710  2.568486 1.822027
-0.949728  2.568486 1.818184
-0.949728  0.368486 2.018184
-0.910710  0.368486 1.822027
-0.873192  0.368486 1.833408
-0.949728  2.568486 2.018184
-0.873191  2.568486 1.833408
-0.910710  2.568486 1.822027
-0.949728  0.368486 2.018184
-0.873192  0.368486 1.833408
-0.838614  0.368486 1.851890
-0.949728  2.568486 2.018184
-0.838614  2.568486 1.851890
-0.873191  2.568486 1.833408
-0.949728  0.368486 2.018184
-0.838614  0.368486 1.851890
-0.808307  0.368486 1.876763
-0.949728  2.568486 2.018184
-0.808307  2.568486 1.876763
-0.838614  2.568486 1.851890
-0.949728  0.368486 2.018184
-0.808307  0.368486 1.876763
-0.783434  0.368486 1.907070
-0.949728  2.568486 2.018184
-0.783434  2.568486 1.907070
-0.808307  2.568486 1.876763
-0.949728  0.368486 2.018184
-0.783434  0.368486 1.907070
-0.764952  0.368486 1.941648
-0.949728  2.568486 2.018184
-0.764952  2.568486 1.941648
-0.783434  2.568486 1.907070
-0.949728  0.368486 2.018184
-0.764952  0.368486 1.941648
-0.753571  0.368486 1.979166
-0.949728  2.568486 2.018184
-0.753571  2.568486 1.979167
-0.764952  2.568486 1.941648
-0.949728  0.368486 2.018184
-0.753571  0.368486 1.979166
-0.749728  0.368486 2.018184
-0.949728  2.568486 2.018184
-0.749728  2.568486 2.018184
-0.753571  2.568486 1.979167
-0.949728  0.368486 2.018184
-0.749728  0.368486 2.018184
-0.753571  0.368486 2.057202
-0.949728  2.568486 2.018184
-0.753571  2.568486 2.057202
-0.749728  2.568486 2.018184
-0.949728  0.368486 2.018184
-0.753571  0.368486 2.057202
-0.764952  0.368486 2.094721
-0.949728  2.568486 2.018184
-0.764953  2.568486 2.094721
-0.753571  2.568486 2.057202
-0.949728  0.368486 2.018184
-0.764952  0.368486 2.094721
-0.783434  0.368486 2.129298
-0.949728  2.568486 2.018184
-0.783435  2.568486 2.129298
-0.764953  2.568486 2.094721
-0.949728  0.368486 2.018184
-0.783434  0.368486 2.129298
-0.808307  0.368486 2.159606
-0.949728  2.568486 2.018184
-0.808307  2.568486 2.159606
-0.783435  2.568486 2.129298
-0.949728  0.368486 2.018184
-0.808307  0.368486 2.159606
-0.838614  0.368486 2.184478
-0.949728  2.568486 2.018184
-0.838614  2.568486 2.184478
-0.808307  2.568486 2.159606
-0.949728  0.368486 2.018184
-0.838614  0.368486 2.184478
-0.873192  0.368486 2.202960
-0.949728  2.568486 2.018184
-0.873192  2.568486 2.202960
-0.838614  2.568486 2.184478
-0.949728  0.368486 2.018184
-0.873192  0.368486 2.202960
-0.910710  0.368486 2.214341
-0.949728  2.568486 2.018184
-0.910710  2.568486 2.214341
-0.873192  2.568486 2.202960
-0.949728  0.368486 2.018184
-0.910710  0.368486 2.214341
-0.949728  0.368486 2.218184
-0.949728  2.568486 2.018184
-0.949728  2.568486 2.218184
-0.910710  2.568486 2.214341
-0.949728  0.368486 2.018184
-0.949728  0.368486 2.218184
-0.988746  0.368486 2.214341
-0.949728  2.568486 2.018184
-0.988746  2.568486 2.214341
-0.949728  2.568486 2.218184
-0.949728  0.368486 2.018184
-0.988746  0.368486 2.214341
-1.026265  0.368486 2.202960
-0.949728  2.568486 2.018184
-1.026265  2.568486 2.202960
-0.988746  2.568486 2.214341
-0.949728  0.368486 2.018184
-1.026265  0.368486 2.202960
-1.060843  0.368486 2.184478
-0.949728  2.568486 2.018184
-1.060842  2.568486 2.184478
-1.026265  2.568486 2.202960
-0.949728  0.368486 2.018184
-1.060843  0.368486 2.184478
-1.091150  0.368486 2.159605
-0.949728  2.568486 2.018184
-1.091149  2.568486 2.159606
-1.060842  2.568486 2.184478
-0.949728  0.368486 2.018184
-1.091150  0.368486 2.159605
-1.116022  0.368486 2.129298
-0.949728  2.568486 2.018184
-1.116022  2.568486 2.129298
-1.091149  2.568486 2.159606
-0.949728  0.368486 2.018184
-1.116022  0.368486 2.129298
-1.134504  0.368486 2.094721
-0.949728  2.568486 2.018184
-1.134504  2.568486 2.094721
-1.116022  2.568486 2.129298
-0.949728  0.368486 2.018184
-1.134504  0.368486 2.094721
-1.145885  0.368486 2.057202
-0.949728  2.568486 2.018184
-1.145885  2.568486 2.057203
-1.134504  2.568486 2.094721
-0.949728  0.368486 2.018184
-1.145885  0.368486 2.057202
-1.149728  0.368486 2.018184
-0.949728  2.568486 2.018184
-1.149728  2.568486 2.018185
-1.145885  2.568486 2.057203
-0.949728  0.368486 2.018184
-1.149728  0.368486 2.018184
-1.145885  0.368486 1.979166
-0.949728  2.568486 2.018184
-1.145886  2.568486 1.979167
-1.149728  2.568486 2.018185
-0.949728  0.368486 2.018184
-1.145885  0.368486 1.979166
-1.134504  0.368486 1.941647
-0.949728  2.568486 2.018184
-1.134505  2.568486 1.941648
-1.145886  2.568486 1.979167
-0.949728  0.368486 2.018184
-1.134504  0.368486 1.941647
-1.116022  0.368486 1.907070
-0.949728  2.568486 2.018184
-1.116023  2.568486 1.907071
-1.134505  2.568486 1.941648
-0.949728  0.368486 2.018184
-1.116022  0.368486 1.907070
-1.091149  0.368486 1.876763
-0.949728  2.568486 2.018184
-1.091151  2.568486 1.876764
-1.116023  2.568486 1.907071
-0.949728  0.368486 2.018184
-1.091149  0.368486 1.876763
-1.060842  0.368486 1.851890
-0.949728  2.568486 2.018184
-1.060843  2.568486 1.851891
-1.091151  2.568486 1.876764
-0.949728  0.368486 2.018184
-1.060842  0.368486 1.851890
-1.026265  0.368486 1.833408
-0.949728  2.568486 2.018184
-1.026266  2.568486 1.833408
-1.060843  2.568486 1.851891
-0.949728  0.368486 2.018184
-1.026265  0.368486 1.833408
-0.988746  0.368486 1.822027
-0.949728  2.568486 2.018184
-0.988748  2.568486 1.822027
-1.026266  2.568486 1.833408
-0.988746  0.368486 1.822027
-0.949728  0.368486 1.818184
-0.949728  0.368486 2.018184
-0.949728  2.568486 2.018184
-0.949728  2.568486 1.818184
-0.988748  2.568486 1.822027
-0.949728  0.368486 1.818184
-0.949728  2.568486 1.818184
-0.910710  2.568486 1.822027
-0.910710  0.368486 1.822027
-0.910710  2.568486 1.822027
-0.873191  2.568486 1.833408
-0.873192  0.368486 1.833408
-0.873191  2.568486 1.833408
-0.838614  2.568486 1.851890
-0.838614  0.368486 1.851890
-0.838614  2.568486 1.851890
-0.808307  2.568486 1.876763
-0.808307  0.368486 1.876763
-0.808307  2.568486 1.876763
-0.783434  2.568486 1.907070
-0.783434  0.368486 1.907070
-0.783434  2.568486 1.907070
-0.764952  2.568486 1.941648
-0.764952  0.368486 1.941648
-0.764952  2.568486 1.941648
-0.753571  2.568486 1.979167
-0.753571  0.368486 1.979166
-0.753571  2.568486 1.979167
-0.749728  2.568486 2.018184
-0.749728  0.368486 2.018184
-0.749728  2.568486 2.018184
-0.753571  2.568486 2.057202
-0.753571  0.368486 2.057202
-0.753571  2.568486 2.057202
-0.764953  2.568486 2.094721
-0.764952  0.368486 2.094721
-0.764953  2.568486 2.094721
-0.783435  2.568486 2.129298
-0.783434  0.368486 2.129298
-0.783435  2.568486 2.129298
-0.808307  2.568486 2.159606
-0.808307  0.368486 2.159606
-0.808307  2.568486 2.159606
-0.838614  2.568486 2.184478
-0.838614  0.368486 2.184478
-0.838614  2.568486 2.184478
-0.873192  2.568486 2.202960
-0.873192  0.368486 2.202960
-0.873192  2.568486 2.202960
-0.910710  2.568486 2.214341
-0.910710  0.368486 2.214341
-0.910710  2.568486 2.214341
-0.949728  2.568486 2.218184
-0.949728  0.368486 2.218184
-0.949728  2.568486 2.218184
-0.988746  2.568486 2.214341
-0.988746  0.368486 2.214341
-0.988746  2.568486 2.214341
-1.026265  2.568486 2.202960
-1.026265  0.368486 2.202960
-1.026265  2.568486 2.202960
-1.060842  2.568486 2.184478
-1.060843  0.368486 2.184478
-1.060842  2.568486 2.184478
-1.091149  2.568486 2.159606
-1.091150  0.368486 2.159605
-1.091149  2.568486 2.159606
-1.116022  2.568486 2.129298
-1.116022  0.368486 2.129298
-1.116022  2.568486 2.129298
-1.134504  2.568486 2.094721
-1.134504  0.368486 2.094721
-1.134504  2.568486 2.094721
-1.145885  2.568486 2.057203
-1.145885  0.368486 2.057202
-1.145885  2.568486 2.057203
-1.149728  2.568486 2.018185
-1.149728  0.368486 2.018184
-1.149728  2.568486 2.018185
-1.145886  2.568486 1.979167
-1.145885  0.368486 1.979166
-1.145886  2.568486 1.979167
-1.134505  2.568486 1.941648
-1.134504  0.368486 1.941647
-1.134505  2.568486 1.941648
-1.116023  2.568486 1.907071
-1.116022  0.368486 1.907070
-1.116023  2.568486 1.907071
-1.091151  2.568486 1.876764
-1.091149  0.368486 1.876763
-1.091151  2.568486 1.876764
-1.060843  2.568486 1.851891
-1.060842  0.368486 1.851890
-1.060843  2.568486 1.851891
-1.026266  2.568486 1.833408
-1.026265  0.368486 1.833408
-1.026266  2.568486 1.833408
-0.988748  2.568486 1.822027
-0.949728  2.568486 1.818184
-0.949728  0.368486 1.818184
-0.988746  0.368486 1.822027
0.950272  0.368486 2.018184
0.950272  0.368486 1.818184
0.989290  0.368486 1.822027
0.950272  2.568486 2.018184
0.989290  2.568486 1.822027
0.950272  2.568486 1.818184
0.950272  0.368486 2.018184
0.989290  0.368486 1.822027
1.026809  0.368486 1.833408
0.950272  2.568486 2.018184
1.026809  2.568486 1.833408
0.989290  2.568486 1.822027
0.950272  0.368486 2.018184
1.026809  0.368486 1.833408
1.061386  0.368486 1.851890
0.950272  2.568486 2.018184
1.061386  2.568486 1.851890
1.026809  2.568486 1.833408
0.950272  0.368486 2.018184
1.061386  0.368486 1.851890
1.091693  0.368486 1.876763
0.950272  2.568486 2.018184
1.091693  2.568486 1.876763
1.061386  2.568486 1.851890
0.950272  0.368486 2.018184
1.091693  0.368486 1.876763
1.116566  0.368486 1.907070
0.950272  2.568486 2.018184
1.116566  2.568486 1.907070
1.091693  2.568486 1.876763
0.950272  0.368486 2.018184
1.116566  0.368486 1.907070
1.135048  0.368486 1.941648
0.950272  2.568486 2.018184
1.135048  2.568486 1.941648
1.116566  2.568486 1.907070
0.950272  0.368486 2.018184
1.135048  0.368486 1.941648
1.146429  0.368486 1.979166
0.950272  2.568486 2.018184
1.146429  2.568486 1.979167
1.135048  2.568486 1.941648
0.950272  0.368486 2.018184
1.146429  0.368486 1.979166
1.150272  0.368486 2.018184
0.950272  2.568486 2.018184
1.150272  2.568486 2.018184
1.146429  2.568486 1.979167
0.950272  0.368486 2.018184
1.150272  0.368486 2.018184
1.146429  0.368486 2.057202
0.950272  2.568486 2.018184
1.146429  2.568486 2.057202
1.150272  2.568486 2.018184
0.950272  0.368486 2.018184
1.146429  0.368486 2.057202
1.135048  0.368486 2.094721
0.950272  2.568486 2.018184
1.135047  2.568486 2.094721
1.146429  2.568486 2.057202
0.950272  0.368486 2.018184
1.135048  0.368486 2.094721
1.116566  0.368486 2.129298
0.950272  2.568486 2.018184
1.116565  2.568486 2.129298
1.135047  2.568486 2.094721
0.950272  0.368486 2.018184
1.116566  0.368486 2.129298
1.091693  0.368486 2.159606
0.950272  2.568486 2.018184
1.091693  2.568486 2.159606
1.116565  2.568486 2.129298
0.950272  0.368486 2.018184
1.091693  0.368486 2.159606
1.061386  0.368486 2.184478
0.950272  2.568486 2.018184
1.061386  2.568486 2.184478
1.091693  2.568486 2.159606
0.950272  0.368486 2.018184
1.061386  0.368486 2.184478
1.026808  0.368486 2.202960
0.950272  2.568486 2.018184
1.026809  2.568486 2.202960
1.061386  2.568486 2.184478
0.950272  0.368486 2.018184
1.026808  0.368486 2.202960
0.989290  0.368486 2.214341
0.950272  2.568486 2.018184
0.989290  2.568486 2.214341
1.026809  2.568486 2.202960
0.950272  0.368486 2.018184
0.989290  0.368486 2.214341
0.950272  0.368486 2.218184
0.950272  2.568486 2.018184
0.950272  2.568486 2.218184
0.989290  2.568486 2.214341
0.950272  0.368486 2.018184
0.950272  0.368486 2.218184
0.911254  0.368486 2.214341
0.950272  2.568486 2.018184
0.911254  2.568486 2.214341
0.950272  2.568486 2.218184
0.950272  0.368486 2.018184
0.911254  0.368486 2.214341
0.873735  0.368486 2.202960
0.950272  2.568486 2.018184
0.873735  2.568486 2.202960
0.911254  2.568486 2.214341
0.950272  0.368486 2.018184
0.873735  0.368486 2.202960
0.839158  0.368486 2.184478
0.950272  2.568486 2.018184
0.839158  2.568486 2.184478
0.873735  2.568486 2.202960
0.950272  0.368486 2.018184
0.839158  0.368486 2.184478
0.808850  0.368486 2.159605
0.950272  2.568486 2.018184
0.808851  2.568486 2.159606
0.839158  2.568486 2.184478
0.950272  0.368486 2.018184
0.808850  0.368486 2.159605
0.783978  0.368486 2.129298
0.950272  2.568486 2.018184
0.783978  2.568486 2.129298
0.808851  2.568486 2.159606
0.950272  0.368486 2.018184
0.783978  0.368486 2.129298
0.765496  0.368486 2.094721
0.950272  2.568486 2.018184
0.765496  2.568486 2.094721
0.783978  2.568486 2.129298
0.950272  0.368486 2.018184
0.765496  0.368486 2.094721
0.754115  0.368486 2.057202
0.950272  2.568486 2.018184
0.754115  2.568486 2.057203
0.765496  2.568486 2.094721
0.950272  0.368486 2.018184
0.754115  0.368486 2.057202
0.750272  0.368486 2.018184
0.950272  2.568486 2.018184
0.750272  2.568486 2.018185
0.754115  2.568486 2.057203
0.950272  0.368486 2.018184
0.750272  0.368486 2.018184
0.754115  0.368486 1.979166
0.950272  2.568486 2.018184
0.754114  2.568486 1.979167
0.750272  2.568486 2.018185
0.950272  0.368486 2.018184
0.754115  0.368486 1.979166
0.765496  0.368486 1.941647
0.950272  2.568486 2.018184
0.765495  2.568486 1.941648
0.754114  2.568486 1.979167
0.950272  0.368486 2.018184
0.765496  0.368486 1.941647
0.783978  0.368486 1.907070
0.950272  2.568486 2.018184
0.783977  2.568486 1.907071
0.765495  2.568486 1.941648
0.950272  0.368486 2.018184
0.783978  0.368486 1.907070
0.808851  0.368486 1.876763
0.950272  2.568486 2.018184
0.808850  2.568486 1.876764
0.783977  2.568486 1.907071
0.950272  0.368486 2.018184
0.808851  0.368486 1.876763
0.839158  0.368486 1.851890
0.950272  2.568486 2.018184
0.839157  2.568486 1.851891
0.808850  2.568486 1.876764
0.950272  0.368486 2.018184
0.839158  0.368486 1.851890
0.873735  0.368486 1.833408
0.950272  2.568486 2.018184
0.873734  2.568486 1.833408
0.839157  2.568486 1.851891
0.950272  0.368486 2.018184
0.873735  0.368486 1.833408
0.911254  0.368486 1.822027
0.950272  2.568486 2.018184
0.911252  2.568486 1.822027
0.873734  2.568486 1.833408
0.911254  0.368486 1.822027
0.950272  0.368486 1.818184
0.950272  0.368486 2.018184
0.950272  2.568486 2.018184
0.950272  2.568486 1.818184
0.911252  2.568486 1.822027
0.950272  0.368486 1.818184
0.950272  2.568486 1.818184
0.989290  2.568486 1.822027
0.989290  0.368486 1.822027
0.989290  2.568486 1.822027
1.026809  2.568486 1.833408
1.026809  0.368486 1.833408
1.026809  2.568486 1.833408
1.061386  2.568486 1.851890
1.061386  0.368486 1.851890
1.061386  2.568486 1.851890
1.091693  2.568486 1.876763
1.091693  0.368486 1.876763
1.091693  2.568486 1.876763
1.116566  2.568486 1.907070
1.116566  0.368486 1.907070
1.116566  2.568486 1.907070
1.135048  2.568486 1.941648
1.135048  0.368486 1.941648
1.135048  2.568486 1.941648
1.146429  2.568486 1.979167
1.146429  0.368486 1.979166
1.146429  2.568486 1.979167
1.150272  2.568486 2.018184
1.150272  0.368486 2.018184
1.150272  2.568486 2.018184
1.146429  2.568486 2.057202
1.146429  0.368486 2.057202
1.146429  2.568486 2.057202
1.135047  2.568486 2.094721
1.135048  0.368486 2.094721
1.135047  2.568486 2.094721
1.116565  2.568486 2.129298
1.116566  0.368486 2.129298
1.116565  2.568486 2.129298
1.091693  2.568486 2.159606
1.091693  0.368486 2.159606
1.091693  2.568486 2.159606
1.061386  2.568486 2.184478
1.061386  0.368486 2.184478
1.061386  2.568486 2.184478
1.026809  2.568486 2.202960
1.026808  0.368486 2.202960
1.026809  2.568486 2.202960
0.989290  2.568486 2.214341
0.989290  0.368486 2.214341
0.989290  2.568486 2.214341
0.950272  2.568486 2.218184
0.950272  0.368486 2.218184
0.950272  2.568486 2.218184
0.911254  2.568486 2.214341
0.911254  0.368486 2.214341
0.911254  2.568486 2.214341
0.873735  2.568486 2.202960
0.873735  0.368486 2.202960
0.873735  2.568486 2.202960
0.839158  2.568486 2.184478
0.839158  0.368486 2.184478
0.839158  2.568486 2.184478
0.808851  2.568486 2.159606
0.808850  0.368486 2.159605
0.808851  2.568486 2.159606
0.783978  2.568486 2.129298
0.783978  0.368486 2.129298
0.783978  2.568486 2.129298
0.765496  2.568486 2.094721
0.765496  0.368486 2.094721
0.765496  2.568486 2.094721
0.754115  2.568486 2.057203
0.754115  0.368486 2.057202
0.754115  2.568486 2.057203
0.750272  2.568486 2.018185
0.750272  0.368486 2.018184
0.750272  2.568486 2.018185
0.754114  2.568486 1.979167
0.754115  0.368486 1.979166
0.754114  2.568486 1.979167
0.765495  2.568486 1.941648
0.765496  0.368486 1.941647
0.765495  2.568486 1.941648
0.783977  2.568486 1.907071
0.783978  0.368486 1.907070
0.783977  2.568486 1.907071
0.808850  2.568486 1.876764
0.808851  0.368486 1.876763
0.808850  2.568486 1.876764
0.839157  2.568486 1.851891
0.839158  0.368486 1.851890
0.839157  2.568486 1.851891
0.873734  2.568486 1.833408
0.873735  0.368486 1.833408
0.873734  2.568486 1.833408
0.911252  2.568486 1.822027
0.950272  2.568486 1.818184
0.950272  0.368486 1.818184
0.911254  0.368486 1.822027
0.950272  0.368486 -1.781816
0.950272  0.368486 -1.981816
0.989290  0.368486 -1.977973
0.950272  2.568486 -1.781816
0.989290  2.568486 -1.977973
0.950272  2.568486 -1.981816
0.950272  0.368486 -1.781816
0.989290  0.368486 -1.977973
1.026809  0.368486 -1.966592
0.950272  2.568486 -1.781816
1.026809  2.568486 -1.966592
0.989290  2.568486 -1.977973
0.950272  0.368486 -1.781816
1.026809  0.368486 -1.966592
1.061386  0.368486 -1.948110
0.950272  2.568486 -1.781816
1.061386  2.568486 -1.948110
1.026809  2.568486 -1.966592
0.950272  0.368486 -1.781816
1.061386  0.368486 -1.948110
1.091693  0.368486 -1.923237
0.950272  2.568486 -1.781816
1.091693  2.568486 -1.923237
1.061386  2.568486 -1.948110
0.950272  0.368486 -1.781816
1.091693  0.368486 -1.923237
1.116566  0.368486 -1.892930
0.950272  2.568486 -1.781816
1.116566  2.568486 -1.892930
1.091693  2.568486 -1.923237
0.950272  0.368486 -1.781816
1.116566  0.368486 -1.892930
1.135048  0.368486 -1.858353
0.950272  2.568486 -1.781816
1.135048  2.568486 -1.858352
1.116566  2.568486 -1.892930
0.950272  0.368486 -1.781816
1.135048  0.368486 -1.858353
1.146429  0.368486 -1.820834
0.950272  2.568486 -1.781816
1.146429  2.568486 -1.820834
1.135048  2.568486 -1.858352
0.950272  0.368486 -1.781816
1.146429  0.368486 -1.820834
1.150272  0.368486 -1.781816
0.950272  2.568486 -1.781816
1.150272  2.568486 -1.781816
1.146429  2.568486 -1.820834
0.950272  0.368486 -1.781816
1.150272  0.368486 -1.781816
1.146429  0.368486 -1.742798
0.950272  2.568486 -1.781816
1.146429  2.568486 -1.742797
1.150272  2.568486 -1.781816
0.950272  0.368486 -1.781816
1.146429  0.368486 -1.742798
1.135048  0.368486 -1.705279
0.950272  2.568486 -1.781816
1.135047  2.568486 -1.705279
1.146429  2.568486 -1.742797
0.950272  0.368486 -1.781816
1.135048  0.368486 -1.705279
1.116566  0.368486 -1.670702
0.950272  2.568486 -1.781816
1.116565  2.568486 -1.670702
1.135047  2.568486 -1.705279
0.950272  0.368486 -1.781816
1.116566  0.368486 -1.670702
1.091693  0.368486 -1.640395
0.950272  2.568486 -1.781816
1.091693  2.568486 -1.640394
1.116565  2.568486 -1.670702
0.950272  0.368486 -1.781816
1.091693  0.368486 -1.640395
1.061386  0.368486 -1.615522
0.950272  2.568486 -1.781816
1.061386  2.568486 -1.615522
1.091693  2.568486 -1.640394
0.950272  0.368486 -1.781816
1.061386  0.368486 -1.615522
1.026808  0.368486 -1.597040
0.950272  2.568486 -1.781816
1.026809  2.568486 -1.597040
1.061386  2.568486 -1.615522
0.950272  0.368486 -1.781816
1.026808  0.368486 -1.597040
0.989290  0.368486 -1.585659
0.950272  2.568486 -1.781816
0.989290  2.568486 -1.585659
1.026809  2.568486 -1.597040
0.950272  0.368486 -1.781816
0.989290  0.368486 -1.585659
0.950272  0.368486 -1.581816
0.950272  2.568486 -1.781816
0.950272  2.568486 -1.581816
0.989290  2.568486 -1.585659
0.950272  0.368486 -1.781816
0.950272  0.368486 -1.581816
0.911254  0.368486 -1.585659
0.950272  2.568486 -1.781816
0.911254  2.568486 -1.585659
0.950272  2.568486 -1.581816
0.950272  0.368486 -1.781816
0.911254  0.368486 -1.585659
0.873735  0.368486 -1.597040
0.950272  2.568486 -1.781816
0.873735  2.568486 -1.597040
0.911254  2.568486 -1.585659
0.950272  0.368486 -1.781816
0.873735  0.368486 -1.597040
0.839158  0.368486 -1.615522
0.950272  2.568486 -1.781816
0.839158  2.568486 -1.615522
0.873735  2.568486 -1.597040
0.950272  0.368486 -1.781816
0.839158  0.368486 -1.615522
0.808850  0.368486 -1.640395
0.950272  2.568486 -1.781816
0.808851  2.568486 -1.640394
0.839158  2.568486 -1.615522
0.950272  0.368486 -1.781816
0.808850  0.368486 -1.640395
0.783978  0.368486 -1.670702
0.950272  2.568486 -1.781816
0.783978  2.568486 -1.670701
0.808851  2.568486 -1.640394
0.950272  0.368486 -1.781816
0.783978  0.368486 -1.670702
0.765496  0.368486 -1.705279
0.950272  2.568486 -1.781816
0.765496  2.568486 -1.705279
0.783978  2.568486 -1.670701
0.950272  0.368486 -1.781816
0.765496  0.368486 -1.705279
0.754115  0.368486 -1.742798
0.950272  2.568486 -1.781816
0.754115  2.568486 -1.742797
0.765496  2.568486 -1.705279
0.950272  0.368486 -1.781816
0.754115  0.368486 -1.742798
0.750272  0.368486 -1.781816
0.950272  2.568486 -1.781816
0.750272  2.568486 -1.781815
0.754115  2.568486 -1.742797
0.950272  0.368486 -1.781816
0.750272  0.368486 -1.781816
0.754115  0.368486 -1.820834
0.950272  2.568486 -1.781816
0.754114  2.568486 -1.820833
0.750272  2.568486 -1.781815
0.950272  0.368486 -1.781816
0.754115  0.368486 -1.820834
0.765496  0.368486 -1.858353
0.950272  2.568486 -1.781816
0.765495  2.568486 -1.858352
0.754114  2.568486 -1.820833
0.950272  0.368486 -1.781816
0.765496  0.368486 -1.858353
0.783978  0.368486 -1.892930
0.950272  2.568486 -1.781816
0.783977  2.568486 -1.892929
0.765495  2.568486 -1.858352
0.950272  0.368486 -1.781816
0.783978  0.368486 -1.892930
0.808851  0.368486 -1.923237
0.950272  2.568486 -1.781816
0.808850  2.568486 -1.923236
0.783977  2.568486 -1.892929
0.950272  0.368486 -1.781816
0.808851  0.368486 -1.923237
0.839158  0.368486 -1.948110
0.950272  2.568486 -1.781816
0.839157  2.568486 -1.948109
0.808850  2.568486 -1.923236
0.950272  0.368486 -1.781816
0.839158  0.368486 -1.948110
0.873735  0.368486 -1.966592
0.950272  2.568486 -1.781816
0.873734  2.568486 -1.966591
0.839157  2.568486 -1.948109
0.950272  0.368486 -1.781816
0.873735  0.368486 -1.966592
0.911254  0.368486 -1.977973
0.950272  2.568486 -1.781816
0.911252  2.568486 -1.977973
0.873734  2.568486 -1.966591
0.911254  0.368486 -1.977973
0.950272  0.368486 -1.981816
0.950272  0.368486 -1.781816
0.950272  2.568486 -1.781816
0.950272  2.568486 -1.981816
0.911252  2.568486 -1.977973
0.950272  0.368486 -1.981816
0.950272  2.568486 -1.981816
0.989290  2.568486 -1.977973
0.989290  0.368486 -1.977973
0.989290  2.568486 -1.977973
1.026809  2.568486 -1.966592
1.026809  0.368486 -1.966592
1.026809  2.568486 -1.966592
1.061386  2.568486 -1.948110
1.061386  0.368486 -1.948110
1.061386  2.568486 -1.948110
1.091693  2.568486 -1.923237
1.091693  0.368486 -1.923237
1.091693  2.568486 -1.923237
1.116566  2.568486 -1.892930
1.116566  0.368486 -1.892930
1.116566  2.568486 -1.892930
1.135048  2.568486 -1.858352
1.135048  0.368486 -1.858353
1.135048  2.568486 -1.858352
1.146429  2.568486 -1.820834
1.146429  0.368486 -1.820834
1.146429  2.568486 -1.820834
1.150272  2.568486 -1.781816
1.150272  0.368486 -1.781816
1.150272  2.568486 -1.781816
1.146429  2.568486 -1.742797
1.146429  0.368486 -1.742798
1.146429  2.568486 -1.742797
1.135047  2.568486 -1.705279
1.135048  0.368486 -1.705279
1.135047  2.568486 -1.705279
1.116565  2.568486 -1.670702
1.116566  0.368486 -1.670702
1.116565  2.568486 -1.670702
1.091693  2.568486 -1.640394
1.091693  0.368486 -1.640395
1.091693  2.568486 -1.640394
1.061386  2.568486 -1.615522
1.061386  0.368486 -1.615522
1.061386  2.568486 -1.615522
1.026809  2.568486 -1.597040
1.026808  0.368486 -1.597040
1.026809  2.568486 -1.597040
0.989290  2.568486 -1.585659
0.989290  0.368486 -1.585659
0.989290  2.568486 -1.585659
0.950272  2.568486 -1.581816
0.950272  0.368486 -1.581816
0.950272  2.568486 -1.581816
0.911254  2.568486 -1.585659
0.911254  0.368486 -1.585659
0.911254  2.568486 -1.585659
0.873735  2.568486 -1.597040
0.873735  0.368486 -1.597040
0.873735  2.568486 -1.597040
0.839158  2.568486 -1.615522
0.839158  0.368486 -1.615522
0.839158  2.568486 -1.615522
0.808851  2.568486 -1.640394
0.808850  0.368486 -1.640395
0.808851  2.568486 -1.640394
0.783978  2.568486 -1.670701
0.783978  0.368486 -1.670702
0.783978  2.568486 -1.670701
0.765496  2.568486 -1.705279
0.765496  0.368486 -1.705279
0.765496  2.568486 -1.705279
0.754115  2.568486 -1.742797
0.754115  0.368486 -1.742798
0.754115  2.568486 -1.742797
0.750272  2.568486 -1.781815
0.750272  0.368486 -1.781816
0.750272  2.568486 -1.781815
0.754114  2.568486 -1.820833
0.754115  0.368486 -1.820834
0.754114  2.568486 -1.820833
0.765495  2.568486 -1.858352
0.765496  0.368486 -1.858353
0.765495  2.568486 -1.858352
0.783977  2.568486 -1.892929
0.783978  0.368486 -1.892930
0.783977  2.568486 -1.892929
0.808850  2.568486 -1.923236
0.808851  0.368486 -1.923237
0.808850  2.568486 -1.923236
0.839157  2.568486 -1.948109
0.839158  0.368486 -1.948110
0.839157  2.568486 -1.948109
0.873734  2.568486 -1.966591
0.873735  0.368486 -1.966592
0.873734  2.568486 -1.966591
0.911252  2.568486 -1.977973
0.950272  2.568486 -1.981816
0.950272  0.368486 -1.981816
0.911254  0.368486 -1.977973
0.000000  -1.000000 -0.000000
0.000000  -0.750000 -2.812499
1.041667  -0.555556 -2.083332
0.000000  -1.000000 -0.000000
1.406249  -0.750000 0.000000
1.041666  -0.555556 2.083333
0.000000  -1.000000 -0.000000
-0.000000  -0.750000 2.812499
-1.041666  -0.555556 2.083332
0.000000  -1.000000 -0.000000
-1.406249  -0.750000 -0.000001
-1.041666  -0.555556 -2.083333
-0.000000  1.000000 0.000001
1.406249  0.750000 0.000002
1.041666  0.555556 -2.083331
-0.000000  1.000000 0.000001
0.000000  0.750000 -2.812498
-1.041666  0.555556 -2.083333
-0.000000  1.000000 0.000001
-1.406250  0.750000 -0.000000
-1.041667  0.555556 2.083332
-0.000000  1.000000 0.000001
-0.000001  0.750000 2.812499
1.041666  0.555556 2.083333
1.874999  0.000000 0.000001
1.406249  -0.750000 0.000000
1.041667  -0.555556 -2.083332
1.874999  0.000000 0.000001
1.406250  0.000000 -2.812498
1.041666  0.555556 -2.083331
1.874999  0.000000 0.000001
1.406249  0.750000 0.000002
1.041666  0.555556 2.083333
1.874999  0.000000 0.000001
1.406249  0.000000 2.812500
1.041666  -0.555556 2.083333
-0.000001  0.000000 3.749998
-0.000000  -0.750000 2.812499
1.041666  -0.555556 2.083333
-0.000001  0.000000 3.749998
1.406249  0.000000 2.812500
1.041666  0.555556 2.083333
-0.000001  0.000000 3.749998
-0.000001  0.750000 2.812499
-1.041667  0.555556 2.083332
-0.000001  0.000000 3.749998
-1.406250  0.000000 2.812498
-1.041666  -0.555556 2.083332
-1.874999  0.000000 -0.000001
-1.406249  -0.750000 -0.000001
-1.041666  -0.555556 2.083332
-1.874999  0.000000 -0.000001
-1.406250  0.000000 2.812498
-1.041667  0.555556 2.083332
-1.874999  0.000000 -0.000001
-1.406250  0.750000 -0.000000
-1.041666  0.555556 -2.083333
-1.874999  0.000000 -0.000001
-1.406249  0.000000 -2.812499
-1.041666  -0.555556 -2.083333
0.000000  0.000000 -3.749998
0.000000  0.750000 -2.812498
1.041666  0.555556 -2.083331
0.000000  0.000000 -3.749998
1.406250  0.000000 -2.812498
1.041667  -0.555556 -2.083332
0.000000  0.000000 -3.749998
0.000000  -0.750000 -2.812499
-1.041666  -0.555556 -2.083333
0.000000  0.000000 -3.749998
-1.406249  0.000000 -2.812499
-1.041666  0.555556 -2.083333
