775 416

1.801981 2.516944 -0.496204 0 0 0.0 -1.0 0.0 
1.801981 2.516944 -0.118389 0 0 0.0 -1.0 0.0 
-1.943803 2.516944 -0.118389 0 0 0.0 -1.0 0.0 
1.801982 2.894759 -0.496204 0 0 0.0 1.0 0.0 
-1.943803 2.894759 -0.496204 0 0 0.0 1.0 0.0 
-1.943803 2.894759 -0.118389 0 0 0.0 1.0 0.0 
1.801981 2.516944 -0.496204 0 0 1.0 0.0 3e-06 
1.801982 2.894759 -0.496204 0 0 1.0 0.0 3e-06 
1.80198 2.894759 -0.118389 0 0 1.0 0.0 3e-06 
1.801981 2.516944 -0.118389 0 0 -0.0 -0.0 1.0 
1.80198 2.894759 -0.118389 0 0 -0.0 -0.0 1.0 
-1.943803 2.894759 -0.118389 0 0 -0.0 -0.0 1.0 
-1.943803 2.516944 -0.118389 0 0 -1.0 -1e-06 -2e-06 
-1.943803 2.894759 -0.118389 0 0 -1.0 -1e-06 -2e-06 
-1.943803 2.894759 -0.496204 0 0 -1.0 -1e-06 -2e-06 
1.801982 2.894759 -0.496204 0 0 0.0 0.0 -1.0 
1.801981 2.516944 -0.496204 0 0 0.0 0.0 -1.0 
-1.943802 2.516944 -0.496204 0 0 0.0 0.0 -1.0 
0.242133 0.994521 -2.037792 0 0 -0.0 -0.500001 0.866025 
-0.242133 0.994521 -2.037792 0 0 -0.0 -0.500001 0.866025 
-0.538072 0.580764 -2.276675 0 0 -0.0 -0.500001 0.866025 
1.791792 2.516944 -2.446019 0 0 0.0 1.0 0.0 
-1.958207 2.516944 -2.44602 0 0 0.0 1.0 0.0 
-1.958208 2.516944 2.80398 0 0 0.0 1.0 0.0 
-0.949728 0.368486 -1.781816 0 0 0.0 -1.0 0.0 
-0.949728 0.368486 -1.981816 0 0 0.0 -1.0 0.0 
-0.91071 0.368486 -1.977973 0 0 0.0 -1.0 0.0 
-0.949728 2.568486 -1.781816 0 0 0.0 1.0 0.0 
-0.91071 2.568486 -1.977973 0 0 0.0 1.0 0.0 
-0.949728 2.568486 -1.981816 0 0 0.0 1.0 0.0 
-0.873192 0.368486 -1.966592 0 0 0.0 -1.0 0.0 
-0.873191 2.568486 -1.966592 0 0 0.0 1.0 0.0 
-0.838614 0.368486 -1.94811 0 0 0.0 -1.0 0.0 
-0.838614 2.568486 -1.94811 0 0 0.0 1.0 0.0 
-0.808307 0.368486 -1.923237 0 0 0.0 -1.0 0.0 
-0.808307 2.568486 -1.923237 0 0 0.0 1.0 0.0 
-0.783434 0.368486 -1.89293 0 0 0.0 -1.0 0.0 
-0.783434 2.568486 -1.89293 0 0 0.0 1.0 0.0 
-0.764952 0.368486 -1.858353 0 0 0.0 -1.0 0.0 
-0.764952 2.568486 -1.858352 0 0 0.0 1.0 0.0 
-0.753571 0.368486 -1.820834 0 0 0.0 -1.0 0.0 
-0.753571 2.568486 -1.820834 0 0 0.0 1.0 0.0 
-0.749728 0.368486 -1.781816 0 0 0.0 -1.0 0.0 
-0.749728 2.568486 -1.781816 0 0 0.0 1.0 0.0 
-0.753571 0.368486 -1.742798 0 0 0.0 -1.0 0.0 
-0.753571 2.568486 -1.742798 0 0 0.0 1.0 0.0 
-0.764952 0.368486 -1.705279 0 0 0.0 -1.0 0.0 
-0.764953 2.568486 -1.705279 0 0 0.0 1.0 0.0 
-0.783434 0.368486 -1.670702 0 0 0.0 -1.0 0.0 
-0.783435 2.568486 -1.670702 0 0 0.0 1.0 0.0 
-0.808307 0.368486 -1.640395 0 0 0.0 -1.0 0.0 
-0.808307 2.568486 -1.640395 0 0 0.0 1.0 0.0 
-0.838614 0.368486 -1.615522 0 0 0.0 -1.0 0.0 
-0.838614 2.568486 -1.615522 0 0 0.0 1.0 0.0 
-0.873192 0.368486 -1.59704 0 0 0.0 -1.0 0.0 
-0.873192 2.568486 -1.59704 0 0 0.0 1.0 0.0 
-0.91071 0.368486 -1.585659 0 0 0.0 -1.0 0.0 
-0.91071 2.568486 -1.585659 0 0 0.0 1.0 0.0 
-0.949728 0.368486 -1.581816 0 0 0.0 -1.0 0.0 
-0.949728 2.568486 -1.581816 0 0 0.0 1.0 0.0 
-0.988746 0.368486 -1.585659 0 0 0.0 -1.0 0.0 
-0.988746 2.568486 -1.585659 0 0 0.0 1.0 0.0 
-1.026265 0.368486 -1.59704 0 0 0.0 -1.0 0.0 
-1.026265 2.568486 -1.59704 0 0 0.0 1.0 0.0 
-1.060843 0.368486 -1.615522 0 0 0.0 -1.0 0.0 
-1.060842 2.568486 -1.615522 0 0 0.0 1.0 0.0 
-1.09115 0.368486 -1.640395 0 0 0.0 -1.0 0.0 
-1.091149 2.568486 -1.640394 0 0 0.0 1.0 0.0 
-1.116022 0.368486 -1.670702 0 0 0.0 -1.0 0.0 
-1.116022 2.568486 -1.670702 0 0 0.0 1.0 0.0 
-1.134504 0.368486 -1.705279 0 0 0.0 -1.0 0.0 
-1.134504 2.568486 -1.705279 0 0 0.0 1.0 0.0 
-1.145885 0.368486 -1.742798 0 0 0.0 -1.0 0.0 
-1.145885 2.568486 -1.742797 0 0 0.0 1.0 0.0 
-1.149728 0.368486 -1.781816 0 0 0.0 -1.0 0.0 
-1.149728 2.568486 -1.781815 0 0 0.0 1.0 0.0 
-1.145885 0.368486 -1.820834 0 0 0.0 -1.0 0.0 
-1.145886 2.568486 -1.820833 0 0 0.0 1.0 0.0 
-1.134504 0.368486 -1.858353 0 0 0.0 -1.0 0.0 
-1.134505 2.568486 -1.858352 0 0 0.0 1.0 0.0 
-1.116022 0.368486 -1.89293 0 0 0.0 -1.0 0.0 
-1.116023 2.568486 -1.892929 0 0 0.0 1.0 0.0 
-1.091149 0.368486 -1.923238 0 0 0.0 -1.0 0.0 
-1.091151 2.568486 -1.923237 0 0 0.0 1.0 0.0 
-1.060842 0.368486 -1.94811 0 0 0.0 -1.0 0.0 
-1.060843 2.568486 -1.948109 0 0 0.0 1.0 0.0 
-1.026265 0.368486 -1.966592 0 0 0.0 -1.0 0.0 
-1.026266 2.568486 -1.966591 0 0 0.0 1.0 0.0 
-0.988746 0.368486 -1.977973 0 0 0.0 -1.0 0.0 
-0.988748 2.568486 -1.977973 0 0 0.0 1.0 0.0 
-0.949728 0.368486 -1.981816 0 0 0.098019 0.0 -0.995185 
-0.949728 2.568486 -1.981816 0 0 0.098019 0.0 -0.995185 
-0.91071 2.568486 -1.977973 0 0 0.098019 0.0 -0.995185 
-0.91071 0.368486 -1.977973 0 0 0.290285 0.0 -0.95694 
-0.91071 2.568486 -1.977973 0 0 0.290285 0.0 -0.95694 
-0.873191 2.568486 -1.966592 0 0 0.290285 0.0 -0.95694 
-0.873192 0.368486 -1.966592 0 0 0.471398 0.0 -0.881921 
-0.873191 2.568486 -1.966592 0 0 0.471398 0.0 -0.881921 
-0.838614 2.568486 -1.94811 0 0 0.471398 0.0 -0.881921 
-0.838614 0.368486 -1.94811 0 0 0.634395 -0.0 -0.773009 
-0.838614 2.568486 -1.94811 0 0 0.634395 -0.0 -0.773009 
-0.808307 2.568486 -1.923237 0 0 0.634395 -0.0 -0.773009 
-0.808307 0.368486 -1.923237 0 0 0.773011 0.0 -0.634392 
-0.808307 2.568486 -1.923237 0 0 0.773011 0.0 -0.634392 
-0.783434 2.568486 -1.89293 0 0 0.773011 0.0 -0.634392 
-0.783434 0.368486 -1.89293 0 0 0.881922 -0.0 -0.471396 
-0.783434 2.568486 -1.89293 0 0 0.881922 -0.0 -0.471396 
-0.764952 2.568486 -1.858352 0 0 0.881922 -0.0 -0.471396 
-0.764952 0.368486 -1.858353 0 0 0.956941 -0.0 -0.290284 
-0.764952 2.568486 -1.858352 0 0 0.956941 -0.0 -0.290284 
-0.753571 2.568486 -1.820834 0 0 0.956941 -0.0 -0.290284 
-0.753571 0.368486 -1.820834 0 0 0.995185 -0.0 -0.098016 
-0.753571 2.568486 -1.820834 0 0 0.995185 -0.0 -0.098016 
-0.749728 2.568486 -1.781816 0 0 0.995185 -0.0 -0.098016 
-0.749728 0.368486 -1.781816 0 0 0.995185 -0.0 0.098018 
-0.749728 2.568486 -1.781816 0 0 0.995185 -0.0 0.098018 
-0.753571 2.568486 -1.742798 0 0 0.995185 -0.0 0.098018 
-0.753571 0.368486 -1.742798 0 0 0.95694 -0.0 0.290285 
-0.753571 2.568486 -1.742798 0 0 0.95694 -0.0 0.290285 
-0.764953 2.568486 -1.705279 0 0 0.95694 -0.0 0.290285 
-0.764952 0.368486 -1.705279 0 0 0.881921 -0.0 0.471397 
-0.764953 2.568486 -1.705279 0 0 0.881921 -0.0 0.471397 
-0.783435 2.568486 -1.670702 0 0 0.881921 -0.0 0.471397 
-0.783434 0.368486 -1.670702 0 0 0.77301 -0.0 0.634394 
-0.783435 2.568486 -1.670702 0 0 0.77301 -0.0 0.634394 
-0.808307 2.568486 -1.640395 0 0 0.77301 -0.0 0.634394 
-0.808307 0.368486 -1.640395 0 0 0.634394 -0.0 0.77301 
-0.808307 2.568486 -1.640395 0 0 0.634394 -0.0 0.77301 
-0.838614 2.568486 -1.615522 0 0 0.634394 -0.0 0.77301 
-0.838614 0.368486 -1.615522 0 0 0.471397 -0.0 0.881921 
-0.838614 2.568486 -1.615522 0 0 0.471397 -0.0 0.881921 
-0.873192 2.568486 -1.59704 0 0 0.471397 -0.0 0.881921 
-0.873192 0.368486 -1.59704 0 0 0.290285 -0.0 0.95694 
-0.873192 2.568486 -1.59704 0 0 0.290285 -0.0 0.95694 
-0.91071 2.568486 -1.585659 0 0 0.290285 -0.0 0.95694 
-0.91071 0.368486 -1.585659 0 0 0.098017 -0.0 0.995185 
-0.91071 2.568486 -1.585659 0 0 0.098017 -0.0 0.995185 
-0.949728 2.568486 -1.581816 0 0 0.098017 -0.0 0.995185 
-0.949728 0.368486 -1.581816 0 0 -0.098017 0.0 0.995185 
-0.949728 2.568486 -1.581816 0 0 -0.098017 0.0 0.995185 
-0.988746 2.568486 -1.585659 0 0 -0.098017 0.0 0.995185 
-0.988746 0.368486 -1.585659 0 0 -0.290285 0.0 0.95694 
-0.988746 2.568486 -1.585659 0 0 -0.290285 0.0 0.95694 
-1.026265 2.568486 -1.59704 0 0 -0.290285 0.0 0.95694 
-1.026265 0.368486 -1.59704 0 0 -0.471395 -0.0 0.881922 
-1.026265 2.568486 -1.59704 0 0 -0.471395 -0.0 0.881922 
-1.060842 2.568486 -1.615522 0 0 -0.471395 -0.0 0.881922 
-1.060843 0.368486 -1.615522 0 0 -0.634393 0.0 0.773011 
-1.060842 2.568486 -1.615522 0 0 -0.634393 0.0 0.773011 
-1.091149 2.568486 -1.640394 0 0 -0.634393 0.0 0.773011 
-1.09115 0.368486 -1.640395 0 0 -0.773011 0.0 0.634393 
-1.091149 2.568486 -1.640394 0 0 -0.773011 0.0 0.634393 
-1.116022 2.568486 -1.670702 0 0 -0.773011 0.0 0.634393 
-1.116022 0.368486 -1.670702 0 0 -0.88192 0.0 0.471398 
-1.116022 2.568486 -1.670702 0 0 -0.88192 0.0 0.471398 
-1.134504 2.568486 -1.705279 0 0 -0.88192 0.0 0.471398 
-1.134504 0.368486 -1.705279 0 0 -0.95694 0.0 0.290285 
-1.134504 2.568486 -1.705279 0 0 -0.95694 0.0 0.290285 
-1.145885 2.568486 -1.742797 0 0 -0.95694 0.0 0.290285 
-1.145885 0.368486 -1.742798 0 0 -0.995185 -0.0 0.098019 
-1.145885 2.568486 -1.742797 0 0 -0.995185 -0.0 0.098019 
-1.149728 2.568486 -1.781815 0 0 -0.995185 -0.0 0.098019 
-1.149728 0.368486 -1.781816 0 0 -0.995185 -0.0 -0.098014 
-1.149728 2.568486 -1.781815 0 0 -0.995185 -0.0 -0.098014 
-1.145886 2.568486 -1.820833 0 0 -0.995185 -0.0 -0.098014 
-1.145885 0.368486 -1.820834 0 0 -0.95694 -0.0 -0.290285 
-1.145886 2.568486 -1.820833 0 0 -0.95694 -0.0 -0.290285 
-1.134505 2.568486 -1.858352 0 0 -0.95694 -0.0 -0.290285 
-1.134504 0.368486 -1.858353 0 0 -0.881923 -0.0 -0.471394 
-1.134505 2.568486 -1.858352 0 0 -0.881923 -0.0 -0.471394 
-1.116023 2.568486 -1.892929 0 0 -0.881923 -0.0 -0.471394 
-1.116022 0.368486 -1.89293 0 0 -0.773012 -0.0 -0.634391 
-1.116023 2.568486 -1.892929 0 0 -0.773012 -0.0 -0.634391 
-1.091151 2.568486 -1.923237 0 0 -0.773012 -0.0 -0.634391 
-1.091149 0.368486 -1.923238 0 0 -0.634395 -0.0 -0.773009 
-1.091151 2.568486 -1.923237 0 0 -0.634395 -0.0 -0.773009 
-1.060843 2.568486 -1.948109 0 0 -0.634395 -0.0 -0.773009 
-1.060842 0.368486 -1.94811 0 0 -0.4714 0.0 -0.88192 
-1.060843 2.568486 -1.948109 0 0 -0.4714 0.0 -0.88192 
-1.026266 2.568486 -1.966591 0 0 -0.4714 0.0 -0.88192 
-1.026265 0.368486 -1.966592 0 0 -0.290285 0.0 -0.95694 
-1.026266 2.568486 -1.966591 0 0 -0.290285 0.0 -0.95694 
-0.988748 2.568486 -1.977973 0 0 -0.290285 0.0 -0.95694 
-0.949728 2.568486 -1.981816 0 0 -0.09802 0.0 -0.995184 
-0.949728 0.368486 -1.981816 0 0 -0.09802 0.0 -0.995184 
-0.988746 0.368486 -1.977973 0 0 -0.09802 0.0 -0.995184 
-0.949728 0.368486 2.018184 0 0 0.0 -1.0 0.0 
-0.949728 0.368486 1.818184 0 0 0.0 -1.0 0.0 
-0.91071 0.368486 1.822027 0 0 0.0 -1.0 0.0 
-0.949728 2.568486 2.018184 0 0 0.0 1.0 0.0 
-0.91071 2.568486 1.822027 0 0 0.0 1.0 0.0 
-0.949728 2.568486 1.818184 0 0 0.0 1.0 0.0 
-0.873192 0.368486 1.833408 0 0 0.0 -1.0 0.0 
-0.873191 2.568486 1.833408 0 0 0.0 1.0 0.0 
-0.949728 0.368486 2.018184 0 0 -1e-06 -1.0 -1e-06 
-0.873192 0.368486 1.833408 0 0 -1e-06 -1.0 -1e-06 
-0.838614 0.368486 1.85189 0 0 -1e-06 -1.0 -1e-06 
-0.838614 2.568486 1.85189 0 0 0.0 1.0 0.0 
-0.838614 0.368486 1.85189 0 0 0.0 -1.0 0.0 
-0.808307 0.368486 1.876763 0 0 0.0 -1.0 0.0 
-0.808307 2.568486 1.876763 0 0 0.0 1.0 0.0 
-0.783434 0.368486 1.90707 0 0 0.0 -1.0 0.0 
-0.783434 2.568486 1.90707 0 0 0.0 1.0 0.0 
-0.764952 0.368486 1.941648 0 0 0.0 -1.0 0.0 
-0.764952 2.568486 1.941648 0 0 0.0 1.0 0.0 
-0.753571 0.368486 1.979166 0 0 0.0 -1.0 0.0 
-0.753571 2.568486 1.979167 0 0 0.0 1.0 0.0 
-0.749728 0.368486 2.018184 0 0 0.0 -1.0 0.0 
-0.749728 2.568486 2.018184 0 0 0.0 1.0 0.0 
-0.949728 0.368486 2.018184 0 0 -0.0 -1.0 1e-06 
-0.749728 0.368486 2.018184 0 0 -0.0 -1.0 1e-06 
-0.753571 0.368486 2.057202 0 0 -0.0 -1.0 1e-06 
-0.753571 2.568486 2.057202 0 0 0.0 1.0 0.0 
-0.753571 0.368486 2.057202 0 0 0.0 -1.0 0.0 
-0.764952 0.368486 2.094721 0 0 0.0 -1.0 0.0 
-0.764953 2.568486 2.094721 0 0 0.0 1.0 0.0 
-0.783434 0.368486 2.129298 0 0 0.0 -1.0 0.0 
-0.783435 2.568486 2.129298 0 0 0.0 1.0 0.0 
-0.808307 0.368486 2.159606 0 0 0.0 -1.0 0.0 
-0.808307 2.568486 2.159606 0 0 0.0 1.0 0.0 
-0.838614 0.368486 2.184478 0 0 0.0 -1.0 0.0 
-0.838614 2.568486 2.184478 0 0 0.0 1.0 0.0 
-0.873192 0.368486 2.20296 0 0 0.0 -1.0 0.0 
-0.873192 2.568486 2.20296 0 0 0.0 1.0 0.0 
-0.91071 0.368486 2.214341 0 0 0.0 -1.0 0.0 
-0.91071 2.568486 2.214341 0 0 0.0 1.0 0.0 
-0.949728 0.368486 2.218184 0 0 0.0 -1.0 0.0 
-0.949728 2.568486 2.218184 0 0 0.0 1.0 0.0 
-0.988746 0.368486 2.214341 0 0 0.0 -1.0 0.0 
-0.988746 2.568486 2.214341 0 0 0.0 1.0 0.0 
-1.026265 0.368486 2.20296 0 0 0.0 -1.0 0.0 
-1.026265 2.568486 2.20296 0 0 0.0 1.0 0.0 
-1.060843 0.368486 2.184478 0 0 0.0 -1.0 0.0 
-1.060842 2.568486 2.184478 0 0 0.0 1.0 0.0 
-1.09115 0.368486 2.159605 0 0 0.0 -1.0 0.0 
-1.091149 2.568486 2.159606 0 0 0.0 1.0 0.0 
-1.116022 0.368486 2.129298 0 0 0.0 -1.0 0.0 
-1.116022 2.568486 2.129298 0 0 0.0 1.0 0.0 
-1.134504 0.368486 2.094721 0 0 0.0 -1.0 0.0 
-1.134504 2.568486 2.094721 0 0 0.0 1.0 0.0 
-1.145885 0.368486 2.057202 0 0 0.0 -1.0 0.0 
-1.145885 2.568486 2.057203 0 0 0.0 1.0 0.0 
-1.149728 0.368486 2.018184 0 0 0.0 -1.0 0.0 
-1.149728 2.568486 2.018185 0 0 0.0 1.0 0.0 
-1.145885 0.368486 1.979166 0 0 0.0 -1.0 0.0 
-1.145886 2.568486 1.979167 0 0 0.0 1.0 0.0 
-1.134504 0.368486 1.941647 0 0 0.0 -1.0 0.0 
-1.134505 2.568486 1.941648 0 0 0.0 1.0 0.0 
-1.116022 0.368486 1.90707 0 0 0.0 -1.0 0.0 
-1.116023 2.568486 1.907071 0 0 0.0 1.0 0.0 
-1.091149 0.368486 1.876763 0 0 0.0 -1.0 0.0 
-1.091151 2.568486 1.876764 0 0 0.0 1.0 0.0 
-1.060842 0.368486 1.85189 0 0 0.0 -1.0 0.0 
-1.060843 2.568486 1.851891 0 0 0.0 1.0 0.0 
-1.026265 0.368486 1.833408 0 0 0.0 -1.0 0.0 
-1.026266 2.568486 1.833408 0 0 0.0 1.0 0.0 
-0.988746 0.368486 1.822027 0 0 0.0 -1.0 0.0 
-0.988748 2.568486 1.822027 0 0 0.0 1.0 0.0 
-0.949728 0.368486 1.818184 0 0 0.098017 -0.0 -0.995185 
-0.949728 2.568486 1.818184 0 0 0.098017 -0.0 -0.995185 
-0.91071 2.568486 1.822027 0 0 0.098017 -0.0 -0.995185 
-0.91071 0.368486 1.822027 0 0 0.290285 0.0 -0.95694 
-0.91071 2.568486 1.822027 0 0 0.290285 0.0 -0.95694 
-0.873191 2.568486 1.833408 0 0 0.290285 0.0 -0.95694 
-0.873192 0.368486 1.833408 0 0 0.471398 0.0 -0.881921 
-0.873191 2.568486 1.833408 0 0 0.471398 0.0 -0.881921 
-0.838614 2.568486 1.85189 0 0 0.471398 0.0 -0.881921 
-0.838614 0.368486 1.85189 0 0 0.634393 0.0 -0.773011 
-0.838614 2.568486 1.85189 0 0 0.634393 0.0 -0.773011 
-0.808307 2.568486 1.876763 0 0 0.634393 0.0 -0.773011 
-0.808307 0.368486 1.876763 0 0 0.773011 0.0 -0.634392 
-0.808307 2.568486 1.876763 0 0 0.773011 0.0 -0.634392 
-0.783434 2.568486 1.90707 0 0 0.773011 0.0 -0.634392 
-0.783434 0.368486 1.90707 0 0 0.881923 -0.0 -0.471393 
-0.783434 2.568486 1.90707 0 0 0.881923 -0.0 -0.471393 
-0.764952 2.568486 1.941648 0 0 0.881923 -0.0 -0.471393 
-0.764952 0.368486 1.941648 0 0 0.95694 0.0 -0.290285 
-0.764952 2.568486 1.941648 0 0 0.95694 0.0 -0.290285 
-0.753571 2.568486 1.979167 0 0 0.95694 0.0 -0.290285 
-0.753571 0.368486 1.979166 0 0 0.995185 -0.0 -0.098016 
-0.753571 2.568486 1.979167 0 0 0.995185 -0.0 -0.098016 
-0.749728 2.568486 2.018184 0 0 0.995185 -0.0 -0.098016 
-0.749728 0.368486 2.018184 0 0 0.995185 -0.0 0.098018 
-0.749728 2.568486 2.018184 0 0 0.995185 -0.0 0.098018 
-0.753571 2.568486 2.057202 0 0 0.995185 -0.0 0.098018 
-0.753571 0.368486 2.057202 0 0 0.95694 -0.0 0.290285 
-0.753571 2.568486 2.057202 0 0 0.95694 -0.0 0.290285 
-0.764953 2.568486 2.094721 0 0 0.95694 -0.0 0.290285 
-0.764952 0.368486 2.094721 0 0 0.881921 -0.0 0.471396 
-0.764953 2.568486 2.094721 0 0 0.881921 -0.0 0.471396 
-0.783435 2.568486 2.129298 0 0 0.881921 -0.0 0.471396 
-0.783434 0.368486 2.129298 0 0 0.77301 -0.0 0.634394 
-0.783435 2.568486 2.129298 0 0 0.77301 -0.0 0.634394 
-0.808307 2.568486 2.159606 0 0 0.77301 -0.0 0.634394 
-0.808307 0.368486 2.159606 0 0 0.634393 0.0 0.773011 
-0.808307 2.568486 2.159606 0 0 0.634393 0.0 0.773011 
-0.838614 2.568486 2.184478 0 0 0.634393 0.0 0.773011 
-0.838614 0.368486 2.184478 0 0 0.471397 -0.0 0.881921 
-0.838614 2.568486 2.184478 0 0 0.471397 -0.0 0.881921 
-0.873192 2.568486 2.20296 0 0 0.471397 -0.0 0.881921 
-0.873192 0.368486 2.20296 0 0 0.290285 -0.0 0.95694 
-0.873192 2.568486 2.20296 0 0 0.290285 -0.0 0.95694 
-0.91071 2.568486 2.214341 0 0 0.290285 -0.0 0.95694 
-0.91071 0.368486 2.214341 0 0 0.098014 -0.0 0.995185 
-0.91071 2.568486 2.214341 0 0 0.098014 -0.0 0.995185 
-0.949728 2.568486 2.218184 0 0 0.098014 -0.0 0.995185 
-0.949728 0.368486 2.218184 0 0 -0.098014 0.0 0.995185 
-0.949728 2.568486 2.218184 0 0 -0.098014 0.0 0.995185 
-0.988746 2.568486 2.214341 0 0 -0.098014 0.0 0.995185 
-0.988746 0.368486 2.214341 0 0 -0.290285 0.0 0.95694 
-0.988746 2.568486 2.214341 0 0 -0.290285 0.0 0.95694 
-1.026265 2.568486 2.20296 0 0 -0.290285 0.0 0.95694 
-1.026265 0.368486 2.20296 0 0 -0.471399 0.0 0.88192 
-1.026265 2.568486 2.20296 0 0 -0.471399 0.0 0.88192 
-1.060842 2.568486 2.184478 0 0 -0.471399 0.0 0.88192 
-1.060843 0.368486 2.184478 0 0 -0.63439 -0.0 0.773014 
-1.060842 2.568486 2.184478 0 0 -0.63439 -0.0 0.773014 
-1.091149 2.568486 2.159606 0 0 -0.63439 -0.0 0.773014 
-1.09115 0.368486 2.159605 0 0 -0.773013 -0.0 0.63439 
-1.091149 2.568486 2.159606 0 0 -0.773013 -0.0 0.63439 
-1.116022 2.568486 2.129298 0 0 -0.773013 -0.0 0.63439 
-1.116022 0.368486 2.129298 0 0 -0.881919 0.0 0.4714 
-1.116022 2.568486 2.129298 0 0 -0.881919 0.0 0.4714 
-1.134504 2.568486 2.094721 0 0 -0.881919 0.0 0.4714 
-1.134504 0.368486 2.094721 0 0 -0.95694 0.0 0.290285 
-1.134504 2.568486 2.094721 0 0 -0.95694 0.0 0.290285 
-1.145885 2.568486 2.057203 0 0 -0.95694 0.0 0.290285 
-1.145885 0.368486 2.057202 0 0 -0.995185 0.0 0.098018 
-1.145885 2.568486 2.057203 0 0 -0.995185 0.0 0.098018 
-1.149728 2.568486 2.018185 0 0 -0.995185 0.0 0.098018 
-1.149728 0.368486 2.018184 0 0 -0.995185 -0.0 -0.098015 
-1.149728 2.568486 2.018185 0 0 -0.995185 -0.0 -0.098015 
-1.145886 2.568486 1.979167 0 0 -0.995185 -0.0 -0.098015 
-1.145885 0.368486 1.979166 0 0 -0.956941 0.0 -0.290282 
-1.145886 2.568486 1.979167 0 0 -0.956941 0.0 -0.290282 
-1.134505 2.568486 1.941648 0 0 -0.956941 0.0 -0.290282 
-1.134504 0.368486 1.941647 0 0 -0.881921 0.0 -0.471398 
-1.134505 2.568486 1.941648 0 0 -0.881921 0.0 -0.471398 
-1.116023 2.568486 1.907071 0 0 -0.881921 0.0 -0.471398 
-1.116022 0.368486 1.90707 0 0 -0.773013 0.0 -0.634391 
-1.116023 2.568486 1.907071 0 0 -0.773013 0.0 -0.634391 
-1.091151 2.568486 1.876764 0 0 -0.773013 0.0 -0.634391 
-1.091149 0.368486 1.876763 0 0 -0.634398 0.0 -0.773007 
-1.091151 2.568486 1.876764 0 0 -0.634398 0.0 -0.773007 
-1.060843 2.568486 1.851891 0 0 -0.634398 0.0 -0.773007 
-1.060842 0.368486 1.85189 0 0 -0.471399 -0.0 -0.88192 
-1.060843 2.568486 1.851891 0 0 -0.471399 -0.0 -0.88192 
-1.026266 2.568486 1.833408 0 0 -0.471399 -0.0 -0.88192 
-1.026265 0.368486 1.833408 0 0 -0.290285 0.0 -0.95694 
-1.026266 2.568486 1.833408 0 0 -0.290285 0.0 -0.95694 
-0.988748 2.568486 1.822027 0 0 -0.290285 0.0 -0.95694 
-0.949728 2.568486 1.818184 0 0 -0.09802 0.0 -0.995184 
-0.949728 0.368486 1.818184 0 0 -0.09802 0.0 -0.995184 
-0.988746 0.368486 1.822027 0 0 -0.09802 0.0 -0.995184 
0.950272 0.368486 2.018184 0 0 0.0 -1.0 0.0 
0.950272 0.368486 1.818184 0 0 0.0 -1.0 0.0 
0.98929 0.368486 1.822027 0 0 0.0 -1.0 0.0 
0.950272 2.568486 2.018184 0 0 0.0 1.0 0.0 
0.98929 2.568486 1.822027 0 0 0.0 1.0 0.0 
0.950272 2.568486 1.818184 0 0 0.0 1.0 0.0 
1.026809 0.368486 1.833408 0 0 0.0 -1.0 0.0 
1.026809 2.568486 1.833408 0 0 0.0 1.0 0.0 
1.061386 0.368486 1.85189 0 0 0.0 -1.0 0.0 
1.061386 2.568486 1.85189 0 0 0.0 1.0 0.0 
1.091693 0.368486 1.876763 0 0 0.0 -1.0 0.0 
1.091693 2.568486 1.876763 0 0 0.0 1.0 0.0 
1.116566 0.368486 1.90707 0 0 0.0 -1.0 0.0 
1.116566 2.568486 1.90707 0 0 0.0 1.0 0.0 
1.135048 0.368486 1.941648 0 0 0.0 -1.0 0.0 
1.135048 2.568486 1.941648 0 0 0.0 1.0 0.0 
1.146429 0.368486 1.979166 0 0 0.0 -1.0 0.0 
1.146429 2.568486 1.979167 0 0 0.0 1.0 0.0 
1.150272 0.368486 2.018184 0 0 0.0 -1.0 0.0 
1.150272 2.568486 2.018184 0 0 0.0 1.0 0.0 
1.146429 0.368486 2.057202 0 0 0.0 -1.0 0.0 
1.146429 2.568486 2.057202 0 0 0.0 1.0 0.0 
1.135048 0.368486 2.094721 0 0 0.0 -1.0 0.0 
1.135047 2.568486 2.094721 0 0 0.0 1.0 0.0 
1.116566 0.368486 2.129298 0 0 0.0 -1.0 0.0 
1.116565 2.568486 2.129298 0 0 0.0 1.0 0.0 
1.091693 0.368486 2.159606 0 0 0.0 -1.0 0.0 
1.091693 2.568486 2.159606 0 0 0.0 1.0 0.0 
1.061386 0.368486 2.184478 0 0 0.0 -1.0 0.0 
1.061386 2.568486 2.184478 0 0 0.0 1.0 0.0 
1.026808 0.368486 2.20296 0 0 0.0 -1.0 0.0 
1.026809 2.568486 2.20296 0 0 0.0 1.0 0.0 
0.950272 0.368486 2.018184 0 0 -1e-06 -1.0 1e-06 
1.026808 0.368486 2.20296 0 0 -1e-06 -1.0 1e-06 
0.98929 0.368486 2.214341 0 0 -1e-06 -1.0 1e-06 
0.98929 2.568486 2.214341 0 0 0.0 1.0 0.0 
0.98929 0.368486 2.214341 0 0 0.0 -1.0 0.0 
0.950272 0.368486 2.218184 0 0 0.0 -1.0 0.0 
0.950272 2.568486 2.218184 0 0 0.0 1.0 0.0 
0.911254 0.368486 2.214341 0 0 0.0 -1.0 0.0 
0.911254 2.568486 2.214341 0 0 0.0 1.0 0.0 
0.873735 0.368486 2.20296 0 0 0.0 -1.0 0.0 
0.873735 2.568486 2.20296 0 0 0.0 1.0 0.0 
0.839158 0.368486 2.184478 0 0 0.0 -1.0 0.0 
0.839158 2.568486 2.184478 0 0 0.0 1.0 0.0 
0.80885 0.368486 2.159605 0 0 0.0 -1.0 0.0 
0.808851 2.568486 2.159606 0 0 0.0 1.0 0.0 
0.783978 0.368486 2.129298 0 0 0.0 -1.0 0.0 
0.783978 2.568486 2.129298 0 0 0.0 1.0 0.0 
0.765496 0.368486 2.094721 0 0 0.0 -1.0 0.0 
0.765496 2.568486 2.094721 0 0 0.0 1.0 0.0 
0.754115 0.368486 2.057202 0 0 0.0 -1.0 0.0 
0.754115 2.568486 2.057203 0 0 0.0 1.0 0.0 
0.750272 0.368486 2.018184 0 0 0.0 -1.0 0.0 
0.750272 2.568486 2.018185 0 0 0.0 1.0 0.0 
0.754115 0.368486 1.979166 0 0 0.0 -1.0 0.0 
0.754114 2.568486 1.979167 0 0 0.0 1.0 0.0 
0.765496 0.368486 1.941647 0 0 0.0 -1.0 0.0 
0.765495 2.568486 1.941648 0 0 0.0 1.0 0.0 
0.783978 0.368486 1.90707 0 0 0.0 -1.0 0.0 
0.783977 2.568486 1.907071 0 0 0.0 1.0 0.0 
0.808851 0.368486 1.876763 0 0 0.0 -1.0 0.0 
0.80885 2.568486 1.876764 0 0 0.0 1.0 0.0 
0.808851 0.368486 1.876763 0 0 -1e-06 -1.0 1e-06 
0.839158 0.368486 1.85189 0 0 -1e-06 -1.0 1e-06 
0.839157 2.568486 1.851891 0 0 0.0 1.0 0.0 
0.839158 0.368486 1.85189 0 0 0.0 -1.0 0.0 
0.873735 0.368486 1.833408 0 0 0.0 -1.0 0.0 
0.873734 2.568486 1.833408 0 0 0.0 1.0 0.0 
0.911254 0.368486 1.822027 0 0 0.0 -1.0 0.0 
0.911252 2.568486 1.822027 0 0 0.0 1.0 0.0 
0.950272 0.368486 1.818184 0 0 0.098017 -0.0 -0.995185 
0.950272 2.568486 1.818184 0 0 0.098017 -0.0 -0.995185 
0.98929 2.568486 1.822027 0 0 0.098017 -0.0 -0.995185 
0.98929 0.368486 1.822027 0 0 0.290285 0.0 -0.95694 
0.98929 2.568486 1.822027 0 0 0.290285 0.0 -0.95694 
1.026809 2.568486 1.833408 0 0 0.290285 0.0 -0.95694 
1.026809 0.368486 1.833408 0 0 0.471398 0.0 -0.881921 
1.026809 2.568486 1.833408 0 0 0.471398 0.0 -0.881921 
1.061386 2.568486 1.85189 0 0 0.471398 0.0 -0.881921 
1.061386 0.368486 1.85189 0 0 0.634393 0.0 -0.773011 
1.061386 2.568486 1.85189 0 0 0.634393 0.0 -0.773011 
1.091693 2.568486 1.876763 0 0 0.634393 0.0 -0.773011 
1.091693 0.368486 1.876763 0 0 0.773013 -0.0 -0.634391 
1.091693 2.568486 1.876763 0 0 0.773013 -0.0 -0.634391 
1.116566 2.568486 1.90707 0 0 0.773013 -0.0 -0.634391 
1.116566 0.368486 1.90707 0 0 0.881922 0.0 -0.471395 
1.116566 2.568486 1.90707 0 0 0.881922 0.0 -0.471395 
1.135048 2.568486 1.941648 0 0 0.881922 0.0 -0.471395 
1.135048 0.368486 1.941648 0 0 0.95694 0.0 -0.290285 
1.135048 2.568486 1.941648 0 0 0.95694 0.0 -0.290285 
1.146429 2.568486 1.979167 0 0 0.95694 0.0 -0.290285 
1.146429 0.368486 1.979166 0 0 0.995185 0.0 -0.098017 
1.146429 2.568486 1.979167 0 0 0.995185 0.0 -0.098017 
1.150272 2.568486 2.018184 0 0 0.995185 0.0 -0.098017 
1.150272 0.368486 2.018184 0 0 0.995185 -0.0 0.098018 
1.150272 2.568486 2.018184 0 0 0.995185 -0.0 0.098018 
1.146429 2.568486 2.057202 0 0 0.995185 -0.0 0.098018 
1.146429 0.368486 2.057202 0 0 0.95694 -0.0 0.290287 
1.146429 2.568486 2.057202 0 0 0.95694 -0.0 0.290287 
1.135047 2.568486 2.094721 0 0 0.95694 -0.0 0.290287 
1.135048 0.368486 2.094721 0 0 0.881921 0.0 0.471398 
1.135047 2.568486 2.094721 0 0 0.881921 0.0 0.471398 
1.116565 2.568486 2.129298 0 0 0.881921 0.0 0.471398 
1.116566 0.368486 2.129298 0 0 0.773011 0.0 0.634392 
1.116565 2.568486 2.129298 0 0 0.773011 0.0 0.634392 
1.091693 2.568486 2.159606 0 0 0.773011 0.0 0.634392 
1.091693 0.368486 2.159606 0 0 0.634393 0.0 0.773011 
1.091693 2.568486 2.159606 0 0 0.634393 0.0 0.773011 
1.061386 2.568486 2.184478 0 0 0.634393 0.0 0.773011 
1.061386 0.368486 2.184478 0 0 0.471396 0.0 0.881921 
1.061386 2.568486 2.184478 0 0 0.471396 0.0 0.881921 
1.026809 2.568486 2.20296 0 0 0.471396 0.0 0.881921 
1.026808 0.368486 2.20296 0 0 0.290285 -0.0 0.95694 
1.026809 2.568486 2.20296 0 0 0.290285 -0.0 0.95694 
0.98929 2.568486 2.214341 0 0 0.290285 -0.0 0.95694 
0.98929 0.368486 2.214341 0 0 0.098014 -0.0 0.995185 
0.98929 2.568486 2.214341 0 0 0.098014 -0.0 0.995185 
0.950272 2.568486 2.218184 0 0 0.098014 -0.0 0.995185 
0.950272 0.368486 2.218184 0 0 -0.098014 0.0 0.995185 
0.950272 2.568486 2.218184 0 0 -0.098014 0.0 0.995185 
0.911254 2.568486 2.214341 0 0 -0.098014 0.0 0.995185 
0.911254 0.368486 2.214341 0 0 -0.290285 0.0 0.95694 
0.911254 2.568486 2.214341 0 0 -0.290285 0.0 0.95694 
0.873735 2.568486 2.20296 0 0 -0.290285 0.0 0.95694 
0.873735 0.368486 2.20296 0 0 -0.471399 0.0 0.88192 
0.873735 2.568486 2.20296 0 0 -0.471399 0.0 0.88192 
0.839158 2.568486 2.184478 0 0 -0.471399 0.0 0.88192 
0.839158 0.368486 2.184478 0 0 -0.634389 -0.0 0.773014 
0.839158 2.568486 2.184478 0 0 -0.634389 -0.0 0.773014 
0.808851 2.568486 2.159606 0 0 -0.634389 -0.0 0.773014 
0.80885 0.368486 2.159605 0 0 -0.773012 -0.0 0.634391 
0.808851 2.568486 2.159606 0 0 -0.773012 -0.0 0.634391 
0.783978 2.568486 2.129298 0 0 -0.773012 -0.0 0.634391 
0.783978 0.368486 2.129298 0 0 -0.881919 0.0 0.4714 
0.783978 2.568486 2.129298 0 0 -0.881919 0.0 0.4714 
0.765496 2.568486 2.094721 0 0 -0.881919 0.0 0.4714 
0.765496 0.368486 2.094721 0 0 -0.956941 -0.0 0.290284 
0.765496 2.568486 2.094721 0 0 -0.956941 -0.0 0.290284 
0.754115 2.568486 2.057203 0 0 -0.956941 -0.0 0.290284 
0.754115 0.368486 2.057202 0 0 -0.995185 0.0 0.098018 
0.754115 2.568486 2.057203 0 0 -0.995185 0.0 0.098018 
0.750272 2.568486 2.018185 0 0 -0.995185 0.0 0.098018 
0.750272 0.368486 2.018184 0 0 -0.995185 -0.0 -0.098014 
0.750272 2.568486 2.018185 0 0 -0.995185 -0.0 -0.098014 
0.754114 2.568486 1.979167 0 0 -0.995185 -0.0 -0.098014 
0.754115 0.368486 1.979166 0 0 -0.956941 0.0 -0.290284 
0.754114 2.568486 1.979167 0 0 -0.956941 0.0 -0.290284 
0.765495 2.568486 1.941648 0 0 -0.956941 0.0 -0.290284 
0.765496 0.368486 1.941647 0 0 -0.881921 0.0 -0.471398 
0.765495 2.568486 1.941648 0 0 -0.881921 0.0 -0.471398 
0.783977 2.568486 1.907071 0 0 -0.881921 0.0 -0.471398 
0.783978 0.368486 1.90707 0 0 -0.773012 -0.0 -0.634391 
0.783977 2.568486 1.907071 0 0 -0.773012 -0.0 -0.634391 
0.80885 2.568486 1.876764 0 0 -0.773012 -0.0 -0.634391 
0.808851 0.368486 1.876763 0 0 -0.634398 0.0 -0.773007 
0.80885 2.568486 1.876764 0 0 -0.634398 0.0 -0.773007 
0.839157 2.568486 1.851891 0 0 -0.634398 0.0 -0.773007 
0.839158 0.368486 1.85189 0 0 -0.471398 -0.0 -0.88192 
0.839157 2.568486 1.851891 0 0 -0.471398 -0.0 -0.88192 
0.873734 2.568486 1.833408 0 0 -0.471398 -0.0 -0.88192 
0.873735 0.368486 1.833408 0 0 -0.290285 0.0 -0.95694 
0.873734 2.568486 1.833408 0 0 -0.290285 0.0 -0.95694 
0.911252 2.568486 1.822027 0 0 -0.290285 0.0 -0.95694 
0.950272 2.568486 1.818184 0 0 -0.09802 0.0 -0.995184 
0.950272 0.368486 1.818184 0 0 -0.09802 0.0 -0.995184 
0.911254 0.368486 1.822027 0 0 -0.09802 0.0 -0.995184 
0.950272 0.368486 -1.781816 0 0 0.0 -1.0 0.0 
0.950272 0.368486 -1.981816 0 0 0.0 -1.0 0.0 
0.98929 0.368486 -1.977973 0 0 0.0 -1.0 0.0 
0.950272 2.568486 -1.781816 0 0 0.0 1.0 -1e-06 
0.98929 2.568486 -1.977973 0 0 0.0 1.0 -1e-06 
0.950272 2.568486 -1.981816 0 0 0.0 1.0 -1e-06 
1.026809 0.368486 -1.966592 0 0 0.0 -1.0 0.0 
1.026809 2.568486 -1.966592 0 0 0.0 1.0 -1e-06 
1.061386 0.368486 -1.94811 0 0 0.0 -1.0 0.0 
0.950272 2.568486 -1.781816 0 0 1e-06 1.0 -1e-06 
1.061386 2.568486 -1.94811 0 0 1e-06 1.0 -1e-06 
1.026809 2.568486 -1.966592 0 0 1e-06 1.0 -1e-06 
1.091693 0.368486 -1.923237 0 0 0.0 -1.0 0.0 
1.091693 2.568486 -1.923237 0 0 1e-06 1.0 -1e-06 
1.116566 0.368486 -1.89293 0 0 0.0 -1.0 0.0 
1.116566 2.568486 -1.89293 0 0 1e-06 1.0 -1e-06 
1.135048 0.368486 -1.858353 0 0 0.0 -1.0 0.0 
1.135048 2.568486 -1.858352 0 0 1e-06 1.0 -1e-06 
1.146429 0.368486 -1.820834 0 0 0.0 -1.0 0.0 
0.950272 2.568486 -1.781816 0 0 1e-06 1.0 -0.0 
1.146429 2.568486 -1.820834 0 0 1e-06 1.0 -0.0 
1.135048 2.568486 -1.858352 0 0 1e-06 1.0 -0.0 
1.150272 0.368486 -1.781816 0 0 0.0 -1.0 0.0 
1.150272 2.568486 -1.781816 0 0 1e-06 1.0 -0.0 
1.146429 0.368486 -1.742798 0 0 0.0 -1.0 0.0 
1.146429 2.568486 -1.742797 0 0 1e-06 1.0 -0.0 
1.135048 0.368486 -1.705279 0 0 0.0 -1.0 0.0 
1.135047 2.568486 -1.705279 0 0 1e-06 1.0 -0.0 
1.116566 0.368486 -1.670702 0 0 0.0 -1.0 0.0 
0.950272 2.568486 -1.781816 0 0 1e-06 1.0 1e-06 
1.116565 2.568486 -1.670702 0 0 1e-06 1.0 1e-06 
1.135047 2.568486 -1.705279 0 0 1e-06 1.0 1e-06 
1.091693 0.368486 -1.640395 0 0 0.0 -1.0 0.0 
1.091693 2.568486 -1.640394 0 0 1e-06 1.0 1e-06 
1.061386 0.368486 -1.615522 0 0 0.0 -1.0 0.0 
0.950272 2.568486 -1.781816 0 0 5e-06 1.0 -3e-06 
1.061386 2.568486 -1.615522 0 0 5e-06 1.0 -3e-06 
1.091693 2.568486 -1.640394 0 0 5e-06 1.0 -3e-06 
1.026808 0.368486 -1.59704 0 0 0.0 -1.0 0.0 
0.950272 2.568486 -1.781816 0 0 0.0 1.0 0.0 
1.026809 2.568486 -1.59704 0 0 0.0 1.0 0.0 
1.061386 2.568486 -1.615522 0 0 0.0 1.0 0.0 
0.98929 0.368486 -1.585659 0 0 0.0 -1.0 0.0 
0.98929 2.568486 -1.585659 0 0 0.0 1.0 0.0 
0.950272 0.368486 -1.581816 0 0 0.0 -1.0 0.0 
0.950272 2.568486 -1.581816 0 0 0.0 1.0 0.0 
0.911254 0.368486 -1.585659 0 0 0.0 -1.0 0.0 
0.911254 2.568486 -1.585659 0 0 0.0 1.0 0.0 
0.873735 0.368486 -1.59704 0 0 0.0 -1.0 0.0 
0.873735 2.568486 -1.59704 0 0 0.0 1.0 0.0 
0.839158 0.368486 -1.615522 0 0 0.0 -1.0 0.0 
0.839158 2.568486 -1.615522 0 0 0.0 1.0 0.0 
0.80885 0.368486 -1.640395 0 0 0.0 -1.0 0.0 
0.808851 2.568486 -1.640394 0 0 0.0 1.0 0.0 
0.950272 0.368486 -1.781816 0 0 -3e-06 -1.0 -3e-06 
0.80885 0.368486 -1.640395 0 0 -3e-06 -1.0 -3e-06 
0.783978 0.368486 -1.670702 0 0 -3e-06 -1.0 -3e-06 
0.783978 2.568486 -1.670701 0 0 0.0 1.0 0.0 
0.950272 0.368486 -1.781816 0 0 -1e-06 -1.0 0.0 
0.783978 0.368486 -1.670702 0 0 -1e-06 -1.0 0.0 
0.765496 0.368486 -1.705279 0 0 -1e-06 -1.0 0.0 
0.765496 2.568486 -1.705279 0 0 0.0 1.0 0.0 
0.950272 0.368486 -1.781816 0 0 1e-06 -1.0 4e-06 
0.765496 0.368486 -1.705279 0 0 1e-06 -1.0 4e-06 
0.754115 0.368486 -1.742798 0 0 1e-06 -1.0 4e-06 
0.754115 2.568486 -1.742797 0 0 0.0 1.0 0.0 
0.754115 0.368486 -1.742798 0 0 0.0 -1.0 0.0 
0.750272 0.368486 -1.781816 0 0 0.0 -1.0 0.0 
0.750272 2.568486 -1.781815 0 0 0.0 1.0 0.0 
0.754115 0.368486 -1.820834 0 0 0.0 -1.0 0.0 
0.754114 2.568486 -1.820833 0 0 0.0 1.0 0.0 
0.765496 0.368486 -1.858353 0 0 0.0 -1.0 0.0 
0.765495 2.568486 -1.858352 0 0 0.0 1.0 0.0 
0.783978 0.368486 -1.89293 0 0 0.0 -1.0 0.0 
0.783977 2.568486 -1.892929 0 0 0.0 1.0 0.0 
0.808851 0.368486 -1.923237 0 0 0.0 -1.0 0.0 
0.80885 2.568486 -1.923236 0 0 0.0 1.0 0.0 
0.839158 0.368486 -1.94811 0 0 0.0 -1.0 0.0 
0.839157 2.568486 -1.948109 0 0 0.0 1.0 0.0 
0.873735 0.368486 -1.966592 0 0 0.0 -1.0 0.0 
0.873734 2.568486 -1.966591 0 0 0.0 1.0 0.0 
0.911254 0.368486 -1.977973 0 0 0.0 -1.0 0.0 
0.950272 2.568486 -1.781816 0 0 6e-06 1.0 -2e-06 
0.911252 2.568486 -1.977973 0 0 6e-06 1.0 -2e-06 
0.873734 2.568486 -1.966591 0 0 6e-06 1.0 -2e-06 
0.911252 2.568486 -1.977973 0 0 0.0 1.0 -1e-06 
0.950272 0.368486 -1.981816 0 0 0.098019 0.0 -0.995185 
0.950272 2.568486 -1.981816 0 0 0.098019 0.0 -0.995185 
0.98929 2.568486 -1.977973 0 0 0.098019 0.0 -0.995185 
0.98929 0.368486 -1.977973 0 0 0.290285 0.0 -0.95694 
0.98929 2.568486 -1.977973 0 0 0.290285 0.0 -0.95694 
1.026809 2.568486 -1.966592 0 0 0.290285 0.0 -0.95694 
1.026809 0.368486 -1.966592 0 0 0.471398 0.0 -0.881921 
1.026809 2.568486 -1.966592 0 0 0.471398 0.0 -0.881921 
1.061386 2.568486 -1.94811 0 0 0.471398 0.0 -0.881921 
1.061386 0.368486 -1.94811 0 0 0.634394 0.0 -0.77301 
1.061386 2.568486 -1.94811 0 0 0.634394 0.0 -0.77301 
1.091693 2.568486 -1.923237 0 0 0.634394 0.0 -0.77301 
1.091693 0.368486 -1.923237 0 0 0.773012 -0.0 -0.634391 
1.091693 2.568486 -1.923237 0 0 0.773012 -0.0 -0.634391 
1.116566 2.568486 -1.89293 0 0 0.773012 -0.0 -0.634391 
1.116566 0.368486 -1.89293 0 0 0.881921 0.0 -0.471398 
1.116566 2.568486 -1.89293 0 0 0.881921 0.0 -0.471398 
1.135048 2.568486 -1.858352 0 0 0.881921 0.0 -0.471398 
1.135048 0.368486 -1.858353 0 0 0.956941 0.0 -0.290283 
1.135048 2.568486 -1.858352 0 0 0.956941 0.0 -0.290283 
1.146429 2.568486 -1.820834 0 0 0.956941 0.0 -0.290283 
1.146429 0.368486 -1.820834 0 0 0.995185 0.0 -0.098017 
1.146429 2.568486 -1.820834 0 0 0.995185 0.0 -0.098017 
1.150272 2.568486 -1.781816 0 0 0.995185 0.0 -0.098017 
1.150272 0.368486 -1.781816 0 0 0.995185 -0.0 0.098017 
1.150272 2.568486 -1.781816 0 0 0.995185 -0.0 0.098017 
1.146429 2.568486 -1.742797 0 0 0.995185 -0.0 0.098017 
1.146429 0.368486 -1.742798 0 0 0.956939 0.0 0.290288 
1.146429 2.568486 -1.742797 0 0 0.956939 0.0 0.290288 
1.135047 2.568486 -1.705279 0 0 0.956939 0.0 0.290288 
1.135048 0.368486 -1.705279 0 0 0.88192 0.0 0.471398 
1.135047 2.568486 -1.705279 0 0 0.88192 0.0 0.471398 
1.116565 2.568486 -1.670702 0 0 0.88192 0.0 0.471398 
1.116566 0.368486 -1.670702 0 0 0.773011 0.0 0.634392 
1.116565 2.568486 -1.670702 0 0 0.773011 0.0 0.634392 
1.091693 2.568486 -1.640394 0 0 0.773011 0.0 0.634392 
1.091693 0.368486 -1.640395 0 0 0.634392 0.0 0.773011 
1.091693 2.568486 -1.640394 0 0 0.634392 0.0 0.773011 
1.061386 2.568486 -1.615522 0 0 0.634392 0.0 0.773011 
1.061386 0.368486 -1.615522 0 0 0.471396 0.0 0.881921 
1.061386 2.568486 -1.615522 0 0 0.471396 0.0 0.881921 
1.026809 2.568486 -1.59704 0 0 0.471396 0.0 0.881921 
1.026808 0.368486 -1.59704 0 0 0.290285 -0.0 0.95694 
1.026809 2.568486 -1.59704 0 0 0.290285 -0.0 0.95694 
0.98929 2.568486 -1.585659 0 0 0.290285 -0.0 0.95694 
0.98929 0.368486 -1.585659 0 0 0.098017 -0.0 0.995185 
0.98929 2.568486 -1.585659 0 0 0.098017 -0.0 0.995185 
0.950272 2.568486 -1.581816 0 0 0.098017 -0.0 0.995185 
0.950272 0.368486 -1.581816 0 0 -0.098016 -0.0 0.995185 
0.950272 2.568486 -1.581816 0 0 -0.098016 -0.0 0.995185 
0.911254 2.568486 -1.585659 0 0 -0.098016 -0.0 0.995185 
0.911254 0.368486 -1.585659 0 0 -0.290285 0.0 0.95694 
0.911254 2.568486 -1.585659 0 0 -0.290285 0.0 0.95694 
0.873735 2.568486 -1.59704 0 0 -0.290285 0.0 0.95694 
0.873735 0.368486 -1.59704 0 0 -0.471395 -0.0 0.881922 
0.873735 2.568486 -1.59704 0 0 -0.471395 -0.0 0.881922 
0.839158 2.568486 -1.615522 0 0 -0.471395 -0.0 0.881922 
0.839158 0.368486 -1.615522 0 0 -0.634393 0.0 0.773011 
0.839158 2.568486 -1.615522 0 0 -0.634393 0.0 0.773011 
0.808851 2.568486 -1.640394 0 0 -0.634393 0.0 0.773011 
0.80885 0.368486 -1.640395 0 0 -0.773009 0.0 0.634395 
0.808851 2.568486 -1.640394 0 0 -0.773009 0.0 0.634395 
0.783978 2.568486 -1.670701 0 0 -0.773009 0.0 0.634395 
0.783978 0.368486 -1.670702 0 0 -0.881921 0.0 0.471398 
0.783978 2.568486 -1.670701 0 0 -0.881921 0.0 0.471398 
0.765496 2.568486 -1.705279 0 0 -0.881921 0.0 0.471398 
0.765496 0.368486 -1.705279 0 0 -0.95694 0.0 0.290285 
0.765496 2.568486 -1.705279 0 0 -0.95694 0.0 0.290285 
0.754115 2.568486 -1.742797 0 0 -0.95694 0.0 0.290285 
0.754115 0.368486 -1.742798 0 0 -0.995185 0.0 0.098018 
0.754115 2.568486 -1.742797 0 0 -0.995185 0.0 0.098018 
0.750272 2.568486 -1.781815 0 0 -0.995185 0.0 0.098018 
0.750272 0.368486 -1.781816 0 0 -0.995185 -0.0 -0.098014 
0.750272 2.568486 -1.781815 0 0 -0.995185 -0.0 -0.098014 
0.754114 2.568486 -1.820833 0 0 -0.995185 -0.0 -0.098014 
0.754115 0.368486 -1.820834 0 0 -0.95694 -0.0 -0.290285 
0.754114 2.568486 -1.820833 0 0 -0.95694 -0.0 -0.290285 
0.765495 2.568486 -1.858352 0 0 -0.95694 -0.0 -0.290285 
0.765496 0.368486 -1.858353 0 0 -0.881922 -0.0 -0.471395 
0.765495 2.568486 -1.858352 0 0 -0.881922 -0.0 -0.471395 
0.783977 2.568486 -1.892929 0 0 -0.881922 -0.0 -0.471395 
0.783978 0.368486 -1.89293 0 0 -0.773012 -0.0 -0.634392 
0.783977 2.568486 -1.892929 0 0 -0.773012 -0.0 -0.634392 
0.80885 2.568486 -1.923236 0 0 -0.773012 -0.0 -0.634392 
0.808851 0.368486 -1.923237 0 0 -0.634395 -0.0 -0.773009 
0.80885 2.568486 -1.923236 0 0 -0.634395 -0.0 -0.773009 
0.839157 2.568486 -1.948109 0 0 -0.634395 -0.0 -0.773009 
0.839158 0.368486 -1.94811 0 0 -0.4714 0.0 -0.88192 
0.839157 2.568486 -1.948109 0 0 -0.4714 0.0 -0.88192 
0.873734 2.568486 -1.966591 0 0 -0.4714 0.0 -0.88192 
0.873735 0.368486 -1.966592 0 0 -0.290286 -0.0 -0.95694 
0.873734 2.568486 -1.966591 0 0 -0.290286 -0.0 -0.95694 
0.911252 2.568486 -1.977973 0 0 -0.290286 -0.0 -0.95694 
0.950272 2.568486 -1.981816 0 0 -0.098019 0.0 -0.995185 
0.950272 0.368486 -1.981816 0 0 -0.098019 0.0 -0.995185 
0.911254 0.368486 -1.977973 0 0 -0.098019 0.0 -0.995185 
0.0 -1.0 -0.0 0 0 0.207513 -0.972714 -0.103756 
0.0 -0.75 -2.812499 0 0 0.207513 -0.972714 -0.103756 
1.041667 -0.555556 -2.083332 0 0 0.207513 -0.972714 -0.103756 
0.0 -1.0 -0.0 0 0 0.207512 -0.972714 0.103756 
1.406249 -0.75 0.0 0 0 0.207512 -0.972714 0.103756 
1.041666 -0.555556 2.083333 0 0 0.207512 -0.972714 0.103756 
0.0 -1.0 -0.0 0 0 -0.207512 -0.972714 0.103756 
-0.0 -0.75 2.812499 0 0 -0.207512 -0.972714 0.103756 
-1.041666 -0.555556 2.083332 0 0 -0.207512 -0.972714 0.103756 
0.0 -1.0 -0.0 0 0 -0.207512 -0.972714 -0.103756 
-1.406249 -0.75 -1e-06 0 0 -0.207512 -0.972714 -0.103756 
-1.041666 -0.555556 -2.083333 0 0 -0.207512 -0.972714 -0.103756 
-0.0 1.0 1e-06 0 0 0.207513 0.972714 -0.103756 
1.406249 0.75 2e-06 0 0 0.207513 0.972714 -0.103756 
1.041666 0.555556 -2.083331 0 0 0.207513 0.972714 -0.103756 
-0.0 1.0 1e-06 0 0 -0.207512 0.972714 -0.103756 
0.0 0.75 -2.812498 0 0 -0.207512 0.972714 -0.103756 
-1.041666 0.555556 -2.083333 0 0 -0.207512 0.972714 -0.103756 
-0.0 1.0 1e-06 0 0 -0.207513 0.972714 0.103756 
-1.40625 0.75 -0.0 0 0 -0.207513 0.972714 0.103756 
-1.041667 0.555556 2.083332 0 0 -0.207513 0.972714 0.103756 
-0.0 1.0 1e-06 0 0 0.207512 0.972714 0.103756 
-1e-06 0.75 2.812499 0 0 0.207512 0.972714 0.103756 
1.041666 0.555556 2.083333 0 0 0.207512 0.972714 0.103756 
1.874999 0.0 1e-06 0 0 0.789953 -0.592464 -0.15799 
1.406249 -0.75 0.0 0 0 0.789953 -0.592464 -0.15799 
1.041667 -0.555556 -2.083332 0 0 0.789953 -0.592464 -0.15799 
1.874999 0.0 1e-06 0 0 0.789953 0.592464 -0.15799 
1.40625 0.0 -2.812498 0 0 0.789953 0.592464 -0.15799 
1.041666 0.555556 -2.083331 0 0 0.789953 0.592464 -0.15799 
1.874999 0.0 1e-06 0 0 0.789953 0.592464 0.157991 
1.406249 0.75 2e-06 0 0 0.789953 0.592464 0.157991 
1.041666 0.555556 2.083333 0 0 0.789953 0.592464 0.157991 
1.874999 0.0 1e-06 0 0 0.789953 -0.592464 0.157991 
1.406249 0.0 2.8125 0 0 0.789953 -0.592464 0.157991 
1.041666 -0.555556 2.083333 0 0 0.789953 -0.592464 0.157991 
-1e-06 0.0 3.749998 0 0 0.405616 -0.76053 0.50702 
-0.0 -0.75 2.812499 0 0 0.405616 -0.76053 0.50702 
1.041666 -0.555556 2.083333 0 0 0.405616 -0.76053 0.50702 
-1e-06 0.0 3.749998 0 0 0.405616 0.76053 0.50702 
1.406249 0.0 2.8125 0 0 0.405616 0.76053 0.50702 
1.041666 0.555556 2.083333 0 0 0.405616 0.76053 0.50702 
-1e-06 0.0 3.749998 0 0 -0.405617 0.76053 0.50702 
-1e-06 0.75 2.812499 0 0 -0.405617 0.76053 0.50702 
-1.041667 0.555556 2.083332 0 0 -0.405617 0.76053 0.50702 
-1e-06 0.0 3.749998 0 0 -0.405616 -0.76053 0.50702 
-1.40625 0.0 2.812498 0 0 -0.405616 -0.76053 0.50702 
-1.041666 -0.555556 2.083332 0 0 -0.405616 -0.76053 0.50702 
-1.874999 0.0 -1e-06 0 0 -0.789953 -0.592464 0.15799 
-1.406249 -0.75 -1e-06 0 0 -0.789953 -0.592464 0.15799 
-1.041666 -0.555556 2.083332 0 0 -0.789953 -0.592464 0.15799 
-1.874999 0.0 -1e-06 0 0 -0.789953 0.592464 0.15799 
-1.40625 0.0 2.812498 0 0 -0.789953 0.592464 0.15799 
-1.041667 0.555556 2.083332 0 0 -0.789953 0.592464 0.15799 
-1.874999 0.0 -1e-06 0 0 -0.789953 0.592464 -0.157991 
-1.40625 0.75 -0.0 0 0 -0.789953 0.592464 -0.157991 
-1.041666 0.555556 -2.083333 0 0 -0.789953 0.592464 -0.157991 
-1.874999 0.0 -1e-06 0 0 -0.789953 -0.592464 -0.157991 
-1.406249 0.0 -2.812499 0 0 -0.789953 -0.592464 -0.157991 
-1.041666 -0.555556 -2.083333 0 0 -0.789953 -0.592464 -0.157991 
0.0 0.0 -3.749998 0 0 0.405616 0.76053 -0.50702 
0.0 0.75 -2.812498 0 0 0.405616 0.76053 -0.50702 
1.041666 0.555556 -2.083331 0 0 0.405616 0.76053 -0.50702 
0.0 0.0 -3.749998 0 0 0.405617 -0.76053 -0.50702 
1.40625 0.0 -2.812498 0 0 0.405617 -0.76053 -0.50702 
1.041667 -0.555556 -2.083332 0 0 0.405617 -0.76053 -0.50702 
0.0 0.0 -3.749998 0 0 -0.405616 -0.76053 -0.50702 
0.0 -0.75 -2.812499 0 0 -0.405616 -0.76053 -0.50702 
-1.041666 -0.555556 -2.083333 0 0 -0.405616 -0.76053 -0.50702 
0.0 0.0 -3.749998 0 0 -0.405616 0.76053 -0.50702 
-1.406249 0.0 -2.812499 0 0 -0.405616 0.76053 -0.50702 
-1.041666 0.555556 -2.083333 0 0 -0.405616 0.76053 -0.50702 

0 1 2
3 4 5
6 7 8
9 10 11
12 13 14
15 16 17
18 19 20
21 22 23
24 25 26
27 28 29
24 26 30
27 31 28
24 30 32
27 33 31
24 32 34
27 35 33
24 34 36
27 37 35
24 36 38
27 39 37
24 38 40
27 41 39
24 40 42
27 43 41
24 42 44
27 45 43
24 44 46
27 47 45
24 46 48
27 49 47
24 48 50
27 51 49
24 50 52
27 53 51
24 52 54
27 55 53
24 54 56
27 57 55
24 56 58
27 59 57
24 58 60
27 61 59
24 60 62
27 63 61
24 62 64
27 65 63
24 64 66
27 67 65
24 66 68
27 69 67
24 68 70
27 71 69
24 70 72
27 73 71
24 72 74
27 75 73
24 74 76
27 77 75
24 76 78
27 79 77
24 78 80
27 81 79
24 80 82
27 83 81
24 82 84
27 85 83
24 84 86
27 87 85
24 86 88
27 89 87
88 25 24
27 29 89
90 91 92
93 94 95
96 97 98
99 100 101
102 103 104
105 106 107
108 109 110
111 112 113
114 115 116
117 118 119
120 121 122
123 124 125
126 127 128
129 130 131
132 133 134
135 136 137
138 139 140
141 142 143
144 145 146
147 148 149
150 151 152
153 154 155
156 157 158
159 160 161
162 163 164
165 166 167
168 169 170
171 172 173
174 175 176
177 178 179
180 181 182
183 184 185
186 187 188
189 190 191
186 188 192
189 193 190
194 195 196
189 197 193
186 198 199
189 200 197
186 199 201
189 202 200
186 201 203
189 204 202
186 203 205
189 206 204
186 205 207
189 208 206
209 210 211
189 212 208
186 213 214
189 215 212
186 214 216
189 217 215
186 216 218
189 219 217
186 218 220
189 221 219
186 220 222
189 223 221
186 222 224
189 225 223
186 224 226
189 227 225
186 226 228
189 229 227
186 228 230
189 231 229
186 230 232
189 233 231
186 232 234
189 235 233
186 234 236
189 237 235
186 236 238
189 239 237
186 238 240
189 241 239
186 240 242
189 243 241
186 242 244
189 245 243
186 244 246
189 247 245
186 246 248
189 249 247
186 248 250
189 251 249
186 250 252
189 253 251
186 252 254
189 255 253
186 254 256
189 257 255
256 187 186
189 191 257
258 259 260
261 262 263
264 265 266
267 268 269
270 271 272
273 274 275
276 277 278
279 280 281
282 283 284
285 286 287
288 289 290
291 292 293
294 295 296
297 298 299
300 301 302
303 304 305
306 307 308
309 310 311
312 313 314
315 316 317
318 319 320
321 322 323
324 325 326
327 328 329
330 331 332
333 334 335
336 337 338
339 340 341
342 343 344
345 346 347
348 349 350
351 352 353
354 355 356
357 358 359
354 356 360
357 361 358
354 360 362
357 363 361
354 362 364
357 365 363
354 364 366
357 367 365
354 366 368
357 369 367
354 368 370
357 371 369
354 370 372
357 373 371
354 372 374
357 375 373
354 374 376
357 377 375
354 376 378
357 379 377
354 378 380
357 381 379
354 380 382
357 383 381
354 382 384
357 385 383
386 387 388
357 389 385
354 390 391
357 392 389
354 391 393
357 394 392
354 393 395
357 396 394
354 395 397
357 398 396
354 397 399
357 400 398
354 399 401
357 402 400
354 401 403
357 404 402
354 403 405
357 406 404
354 405 407
357 408 406
354 407 409
357 410 408
354 409 411
357 412 410
354 411 413
357 414 412
354 413 415
357 416 414
386 417 418
357 419 416
354 420 421
357 422 419
354 421 423
357 424 422
423 355 354
357 359 424
425 426 427
428 429 430
431 432 433
434 435 436
437 438 439
440 441 442
443 444 445
446 447 448
449 450 451
452 453 454
455 456 457
458 459 460
461 462 463
464 465 466
467 468 469
470 471 472
473 474 475
476 477 478
479 480 481
482 483 484
485 486 487
488 489 490
491 492 493
494 495 496
497 498 499
500 501 502
503 504 505
506 507 508
509 510 511
512 513 514
515 516 517
518 519 520
521 522 523
524 525 526
521 523 527
524 528 525
521 527 529
530 531 532
521 529 533
530 534 531
521 533 535
530 536 534
521 535 537
530 538 536
521 537 539
540 541 542
521 539 543
540 544 541
521 543 545
540 546 544
521 545 547
540 548 546
521 547 549
550 551 552
521 549 553
550 554 551
521 553 555
556 557 558
521 555 559
560 561 562
521 559 563
560 564 561
521 563 565
560 566 564
521 565 567
560 568 566
521 567 569
560 570 568
521 569 571
560 572 570
521 571 573
560 574 572
575 576 577
560 578 574
579 580 581
560 582 578
583 584 585
560 586 582
521 587 588
560 589 586
521 588 590
560 591 589
521 590 592
560 593 591
521 592 594
560 595 593
521 594 596
560 597 595
521 596 598
560 599 597
521 598 600
560 601 599
521 600 602
603 604 605
602 522 521
524 526 606
607 608 609
610 611 612
613 614 615
616 617 618
619 620 621
622 623 624
625 626 627
628 629 630
631 632 633
634 635 636
637 638 639
640 641 642
643 644 645
646 647 648
649 650 651
652 653 654
655 656 657
658 659 660
661 662 663
664 665 666
667 668 669
670 671 672
673 674 675
676 677 678
679 680 681
682 683 684
685 686 687
688 689 690
691 692 693
694 695 696
697 698 699
700 701 702
703 704 705
706 707 708
709 710 711
712 713 714
715 716 717
718 719 720
721 722 723
724 725 726
727 728 729
730 731 732
733 734 735
736 737 738
739 740 741
742 743 744
745 746 747
748 749 750
751 752 753
754 755 756
757 758 759
760 761 762
763 764 765
766 767 768
769 770 771
772 773 774
