4860
-0.725713  -0.725718 1.999998
-1.913244  -0.725718 1.999998
-1.913244  -1.913249 1.999997
0.593765  -0.725718 1.999998
-0.593765  -0.725718 1.999998
-0.593765  -1.913249 1.999997
1.913246  -0.725718 1.999998
0.725713  -0.725718 1.999998
0.725713  -1.913249 1.999997
-0.725713  0.593761 1.999998
-1.913244  0.593761 1.999998
-1.913244  -0.593770 1.999998
0.593765  0.593761 1.999998
-0.593765  0.593761 1.999998
-0.593765  -0.593770 1.999998
1.913246  0.593761 1.999998
0.725713  0.593761 1.999998
0.725713  -0.593770 1.999998
-0.725713  1.913240 1.999998
-1.913244  1.913240 1.999998
-1.913244  0.725709 1.999998
0.593765  1.913240 1.999998
-0.593765  1.913240 1.999998
-0.593765  0.725709 1.999998
1.913246  1.913240 1.999998
0.725713  1.913240 1.999998
0.725713  0.725709 1.999998
2.000001  -0.725718 0.725711
2.000001  -0.725718 1.913242
2.000001  -1.913249 1.913242
2.000001  -0.725718 -0.593767
2.000001  -0.725718 0.593764
2.000001  -1.913249 0.593763
2.000001  -0.725718 -1.913246
2.000001  -0.725718 -0.725715
2.000001  -1.913249 -0.725715
2.000001  0.593761 0.725712
2.000001  0.593761 1.913242
2.000001  -0.593770 1.913242
2.000001  0.593761 -0.593767
2.000001  0.593761 0.593764
2.000001  -0.593770 0.593764
2.000001  0.593761 -1.913246
2.000001  0.593761 -0.725715
2.000001  -0.593770 -0.725715
2.000001  0.725709 0.725712
2.000001  1.913240 0.725712
2.000001  1.913240 1.913242
2.000001  1.913240 -0.593767
2.000001  1.913240 0.593764
2.000001  0.725709 0.593764
2.000001  1.913241 -1.913246
2.000001  1.913240 -0.725715
2.000001  0.725709 -0.725715
0.725713  -0.725718 -2.000002
1.913246  -0.725718 -2.000002
1.913246  -1.913249 -2.000002
-0.593765  -0.725718 -2.000002
0.593765  -0.725718 -2.000002
0.593765  -1.913249 -2.000002
-1.913244  -0.725718 -2.000002
-0.725713  -0.725718 -2.000002
-0.725713  -1.913249 -2.000002
0.725713  0.593761 -2.000002
1.913246  0.593761 -2.000002
1.913246  -0.593769 -2.000002
-0.593765  0.593761 -2.000002
0.593765  0.593761 -2.000002
0.593765  -0.593769 -2.000002
-1.913244  0.593761 -2.000002
-0.725713  0.593761 -2.000002
-0.725713  -0.593769 -2.000002
0.725713  1.913241 -2.000002
1.913246  1.913241 -2.000002
1.913246  0.725709 -2.000002
-0.593765  1.913241 -2.000002
0.593765  1.913241 -2.000002
0.593765  0.725709 -2.000002
-1.913244  1.913241 -2.000002
-0.725713  1.913241 -2.000002
-0.725713  0.725709 -2.000002
-2.000000  -1.913249 -0.725715
-2.000000  -0.725718 -0.725715
-2.000000  -0.725718 -1.913246
-2.000000  -0.725718 0.593764
-2.000000  -0.725718 -0.593767
-2.000000  -1.913249 -0.593767
-2.000000  -1.913249 1.913242
-2.000000  -0.725718 1.913242
-2.000000  -0.725718 0.725711
-2.000000  0.593761 -0.725715
-2.000000  0.593761 -1.913246
-2.000000  -0.593770 -1.913246
-2.000000  0.593761 0.593764
-2.000000  0.593761 -0.593767
-2.000000  -0.593770 -0.593767
-2.000000  0.593761 1.913242
-2.000000  0.593761 0.725712
-2.000000  -0.593770 0.725712
-2.000000  1.913240 -0.725715
-2.000000  1.913241 -1.913246
-2.000000  0.725709 -1.913246
-2.000000  0.725709 0.593764
-2.000000  1.913240 0.593764
-2.000000  1.913240 -0.593767
-2.000000  1.913240 1.913242
-2.000000  1.913240 0.725712
-2.000000  0.725709 0.725712
-0.725713  1.999995 0.725712
-1.913244  1.999995 0.725712
-1.913244  1.999995 1.913242
0.593765  1.999995 0.725712
-0.593765  1.999995 0.725712
-0.593765  1.999995 1.913242
1.913246  1.999995 0.725712
0.725713  1.999995 0.725712
0.725713  1.999995 1.913242
-0.725713  1.999995 -0.593767
-1.913244  1.999995 -0.593767
-1.913244  1.999995 0.593764
0.593765  1.999995 -0.593767
-0.593765  1.999995 -0.593767
-0.593765  1.999995 0.593764
1.913246  1.999995 -0.593767
0.725713  1.999995 -0.593767
0.725713  1.999995 0.593764
-0.725713  1.999995 -1.913246
-1.913244  1.999995 -1.913246
-1.913244  1.999995 -0.725715
0.593765  1.999995 -1.913246
-0.593765  1.999995 -1.913246
-0.593765  1.999995 -0.725715
1.913246  1.999995 -1.913246
0.725713  1.999995 -1.913246
0.725713  1.999995 -0.725715
-0.725713  -2.000005 -0.725715
-1.913244  -2.000005 -0.725715
-1.913244  -2.000005 -1.913246
0.593765  -2.000005 -0.725715
-0.593765  -2.000005 -0.725715
-0.593765  -2.000005 -1.913246
1.913246  -2.000005 -0.725715
0.725713  -2.000005 -0.725715
0.725713  -2.000005 -1.913246
-0.725713  -2.000005 0.593763
-1.913244  -2.000005 0.593763
-1.913244  -2.000005 -0.593767
0.593765  -2.000005 0.593763
-0.593765  -2.000005 0.593763
-0.593765  -2.000005 -0.593767
1.913246  -2.000005 0.593763
0.725713  -2.000005 0.593763
0.725713  -2.000005 -0.593767
-0.725713  -2.000005 1.913242
-1.913244  -2.000005 1.913242
-1.913244  -2.000005 0.725711
0.593765  -2.000005 1.913242
-0.593765  -2.000005 1.913242
-0.593765  -2.000005 0.725711
1.913246  -2.000005 1.913242
0.725713  -2.000005 1.913242
0.725713  -2.000005 0.725711
-1.913244  -1.913249 1.999997
-1.913244  -0.725718 1.999998
-1.979217  -0.659744 1.979217
-1.913244  -0.725718 1.999998
-0.725713  -0.725718 1.999998
-0.659739  -0.659744 1.979217
-0.659739  -0.659744 1.979217
-0.725713  -0.725718 1.999998
-0.725713  -1.913249 1.999997
-0.725713  -1.913249 1.999997
-1.913244  -1.913249 1.999997
-1.979217  -1.979223 1.979216
-0.593765  -1.913249 1.999997
-0.593765  -0.725718 1.999998
-0.659739  -0.659744 1.979217
-0.593765  -0.725718 1.999998
0.593765  -0.725718 1.999998
0.659740  -0.659744 1.979217
0.659740  -0.659744 1.979217
0.593765  -0.725718 1.999998
0.593765  -1.913249 1.999997
0.593765  -1.913249 1.999997
-0.593765  -1.913249 1.999997
-0.659739  -1.979223 1.979216
0.725713  -1.913249 1.999997
0.725713  -0.725718 1.999998
0.659740  -0.659744 1.979217
0.725713  -0.725718 1.999998
1.913246  -0.725718 1.999998
1.979219  -0.659744 1.979217
1.979219  -0.659744 1.979217
1.913246  -0.725718 1.999998
1.913246  -1.913249 1.999997
1.913246  -1.913249 1.999997
0.725713  -1.913249 1.999997
0.659740  -1.979223 1.979216
-1.913244  -0.593770 1.999998
-1.913244  0.593761 1.999998
-1.979217  0.659735 1.979217
-1.913244  0.593761 1.999998
-0.725713  0.593761 1.999998
-0.659739  0.659735 1.979217
-0.725713  0.593761 1.999998
-0.725713  -0.593770 1.999998
-0.659739  -0.659744 1.979217
-0.725713  -0.593770 1.999998
-1.913244  -0.593770 1.999998
-1.979217  -0.659744 1.979217
-0.593765  -0.593770 1.999998
-0.593765  0.593761 1.999998
-0.659739  0.659735 1.979217
-0.593765  0.593761 1.999998
0.593765  0.593761 1.999998
0.659740  0.659735 1.979217
0.593765  0.593761 1.999998
0.593765  -0.593770 1.999998
0.659740  -0.659744 1.979217
0.593765  -0.593770 1.999998
-0.593765  -0.593770 1.999998
-0.659739  -0.659744 1.979217
0.725713  -0.593770 1.999998
0.725713  0.593761 1.999998
0.659740  0.659735 1.979217
0.725713  0.593761 1.999998
1.913246  0.593761 1.999998
1.979219  0.659735 1.979217
1.913246  0.593761 1.999998
1.913246  -0.593770 1.999998
1.979219  -0.659744 1.979217
1.913246  -0.593770 1.999998
0.725713  -0.593770 1.999998
0.659740  -0.659744 1.979217
-1.913244  0.725709 1.999998
-1.913244  1.913240 1.999998
-1.979217  1.979213 1.979217
-1.913244  1.913240 1.999998
-0.725713  1.913240 1.999998
-0.659739  1.979213 1.979217
-0.725713  1.913240 1.999998
-0.725713  0.725709 1.999998
-0.659739  0.659735 1.979217
-0.725713  0.725709 1.999998
-1.913244  0.725709 1.999998
-1.979217  0.659735 1.979217
-0.593765  0.725709 1.999998
-0.593765  1.913240 1.999998
-0.659739  1.979213 1.979217
-0.593765  1.913240 1.999998
0.593765  1.913240 1.999998
0.659740  1.979213 1.979217
0.659740  1.979213 1.979217
0.593765  1.913240 1.999998
0.593765  0.725709 1.999998
0.593765  0.725709 1.999998
-0.593765  0.725709 1.999998
-0.659739  0.659735 1.979217
0.725713  0.725709 1.999998
0.725713  1.913240 1.999998
0.659740  1.979213 1.979217
0.725713  1.913240 1.999998
1.913246  1.913240 1.999998
1.979219  1.979213 1.979217
1.913246  1.913240 1.999998
1.913246  0.725709 1.999998
1.979219  0.659735 1.979217
1.913246  0.725709 1.999998
0.725713  0.725709 1.999998
0.659740  0.659735 1.979217
2.000001  -1.913249 1.913242
2.000001  -0.725718 1.913242
1.979219  -0.659744 1.979217
2.000001  -0.725718 1.913242
2.000001  -0.725718 0.725711
1.979219  -0.659744 0.659738
2.000001  -0.725718 0.725711
2.000001  -1.913249 0.725711
1.979219  -1.979223 0.659738
2.000001  -1.913249 0.725711
2.000001  -1.913249 1.913242
1.979219  -1.979223 1.979216
2.000001  -1.913249 0.593763
2.000001  -0.725718 0.593764
1.979219  -0.659744 0.659738
2.000001  -0.725718 0.593764
2.000001  -0.725718 -0.593767
1.979219  -0.659744 -0.659741
1.979219  -0.659744 -0.659741
2.000001  -0.725718 -0.593767
2.000001  -1.913249 -0.593767
2.000001  -1.913249 -0.593767
2.000001  -1.913249 0.593763
1.979219  -1.979223 0.659738
2.000001  -1.913249 -0.725715
2.000001  -0.725718 -0.725715
1.979219  -0.659744 -0.659741
2.000001  -0.725718 -0.725715
2.000001  -0.725718 -1.913246
1.979219  -0.659744 -1.979220
1.979219  -0.659744 -1.979220
2.000001  -0.725718 -1.913246
2.000001  -1.913249 -1.913246
2.000001  -1.913249 -1.913246
2.000001  -1.913249 -0.725715
1.979219  -1.979223 -0.659741
2.000001  -0.593770 1.913242
2.000001  0.593761 1.913242
1.979219  0.659735 1.979217
2.000001  0.593761 1.913242
2.000001  0.593761 0.725712
1.979219  0.659735 0.659738
2.000001  0.593761 0.725712
2.000001  -0.593770 0.725712
1.979219  -0.659744 0.659738
2.000001  -0.593770 0.725712
2.000001  -0.593770 1.913242
1.979219  -0.659744 1.979217
2.000001  -0.593770 0.593764
2.000001  0.593761 0.593764
1.979219  0.659735 0.659738
2.000001  0.593761 0.593764
2.000001  0.593761 -0.593767
1.979219  0.659735 -0.659741
1.979219  0.659735 -0.659741
2.000001  0.593761 -0.593767
2.000001  -0.593770 -0.593767
2.000001  -0.593770 -0.593767
2.000001  -0.593770 0.593764
1.979219  -0.659744 0.659738
2.000001  -0.593770 -0.725715
2.000001  0.593761 -0.725715
1.979219  0.659735 -0.659741
2.000001  0.593761 -0.725715
2.000001  0.593761 -1.913246
1.979219  0.659735 -1.979220
1.979219  0.659735 -1.979220
2.000001  0.593761 -1.913246
2.000001  -0.593770 -1.913246
2.000001  -0.593770 -1.913246
2.000001  -0.593770 -0.725715
1.979219  -0.659744 -0.659741
2.000001  0.725709 1.913242
2.000001  1.913240 1.913242
1.979219  1.979213 1.979217
2.000001  1.913240 1.913242
2.000001  1.913240 0.725712
1.979219  1.979213 0.659738
1.979219  1.979213 0.659738
2.000001  1.913240 0.725712
2.000001  0.725709 0.725712
2.000001  0.725709 0.725712
2.000001  0.725709 1.913242
1.979219  0.659735 1.979217
2.000001  0.725709 0.593764
2.000001  1.913240 0.593764
1.979219  1.979213 0.659738
2.000001  1.913240 0.593764
2.000001  1.913240 -0.593767
1.979219  1.979213 -0.659741
1.979219  1.979213 -0.659741
2.000001  1.913240 -0.593767
2.000001  0.725709 -0.593767
2.000001  0.725709 -0.593767
2.000001  0.725709 0.593764
1.979219  0.659735 0.659738
2.000001  0.725709 -0.725715
2.000001  1.913240 -0.725715
1.979219  1.979213 -0.659741
1.979219  1.979213 -0.659741
2.000001  1.913240 -0.725715
2.000001  1.913241 -1.913246
1.979219  1.979213 -1.979220
2.000001  1.913241 -1.913246
2.000001  0.725709 -1.913246
2.000001  0.725709 -1.913246
2.000001  0.725709 -0.725715
1.979219  0.659735 -0.659741
1.979219  -1.979222 -1.979220
1.913246  -1.913249 -2.000002
1.913246  -0.725718 -2.000002
1.913246  -0.725718 -2.000002
0.725713  -0.725718 -2.000002
0.659740  -0.659744 -1.979220
0.725713  -0.725718 -2.000002
0.725713  -1.913249 -2.000002
0.659740  -1.979222 -1.979220
0.725713  -1.913249 -2.000002
1.913246  -1.913249 -2.000002
1.979219  -1.979222 -1.979220
0.659740  -1.979222 -1.979220
0.593765  -1.913249 -2.000002
0.593765  -0.725718 -2.000002
0.593765  -0.725718 -2.000002
-0.593765  -0.725718 -2.000002
-0.659739  -0.659744 -1.979220
-0.593765  -0.725718 -2.000002
-0.593765  -1.913249 -2.000002
-0.659739  -1.979222 -1.979220
-0.593765  -1.913249 -2.000002
0.593765  -1.913249 -2.000002
0.659740  -1.979222 -1.979220
-0.659739  -1.979222 -1.979220
-0.725713  -1.913249 -2.000002
-0.725713  -0.725718 -2.000002
-0.725713  -0.725718 -2.000002
-1.913244  -0.725718 -2.000002
-1.979217  -0.659744 -1.979220
-1.913244  -0.725718 -2.000002
-1.913244  -1.913249 -2.000002
-1.979217  -1.979222 -1.979220
-1.913244  -1.913249 -2.000002
-0.725713  -1.913249 -2.000002
-0.659739  -1.979222 -1.979220
1.913246  -0.593769 -2.000002
1.913246  0.593761 -2.000002
1.979219  0.659735 -1.979220
1.913246  0.593761 -2.000002
0.725713  0.593761 -2.000002
0.659740  0.659735 -1.979220
0.659740  0.659735 -1.979220
0.725713  0.593761 -2.000002
0.725713  -0.593769 -2.000002
0.725713  -0.593769 -2.000002
1.913246  -0.593769 -2.000002
1.979219  -0.659744 -1.979220
0.593765  -0.593769 -2.000002
0.593765  0.593761 -2.000002
0.659740  0.659735 -1.979220
0.593765  0.593761 -2.000002
-0.593765  0.593761 -2.000002
-0.659739  0.659735 -1.979220
-0.659739  0.659735 -1.979220
-0.593765  0.593761 -2.000002
-0.593765  -0.593769 -2.000002
-0.593765  -0.593769 -2.000002
0.593765  -0.593769 -2.000002
0.659740  -0.659744 -1.979220
-0.725713  -0.593769 -2.000002
-0.725713  0.593761 -2.000002
-0.659739  0.659735 -1.979220
-0.725713  0.593761 -2.000002
-1.913244  0.593761 -2.000002
-1.979217  0.659735 -1.979220
-1.979217  0.659735 -1.979220
-1.913244  0.593761 -2.000002
-1.913244  -0.593769 -2.000002
-1.913244  -0.593769 -2.000002
-0.725713  -0.593769 -2.000002
-0.659739  -0.659744 -1.979220
1.913246  0.725709 -2.000002
1.913246  1.913241 -2.000002
1.979219  1.979213 -1.979220
1.913246  1.913241 -2.000002
0.725713  1.913241 -2.000002
0.659740  1.979213 -1.979220
0.659740  1.979213 -1.979220
0.725713  1.913241 -2.000002
0.725713  0.725709 -2.000002
0.725713  0.725709 -2.000002
1.913246  0.725709 -2.000002
1.979219  0.659735 -1.979220
0.593765  0.725709 -2.000002
0.593765  1.913241 -2.000002
0.659740  1.979213 -1.979220
0.593765  1.913241 -2.000002
-0.593765  1.913241 -2.000002
-0.659739  1.979213 -1.979220
-0.659739  1.979213 -1.979220
-0.593765  1.913241 -2.000002
-0.593765  0.725709 -2.000002
-0.593765  0.725709 -2.000002
0.593765  0.725709 -2.000002
0.659740  0.659735 -1.979220
-0.725713  0.725709 -2.000002
-0.725713  1.913241 -2.000002
-0.659739  1.979213 -1.979220
-0.725713  1.913241 -2.000002
-1.913244  1.913241 -2.000002
-1.979217  1.979213 -1.979220
-1.913244  1.913241 -2.000002
-1.913244  0.725709 -2.000002
-1.979217  0.659735 -1.979220
-1.913244  0.725709 -2.000002
-0.725713  0.725709 -2.000002
-0.659739  0.659735 -1.979220
-1.979217  -1.979222 -1.979220
-2.000000  -1.913249 -1.913246
-2.000000  -0.725718 -1.913246
-2.000000  -0.725718 -1.913246
-2.000000  -0.725718 -0.725715
-1.979217  -0.659744 -0.659741
-1.979217  -0.659744 -0.659741
-2.000000  -0.725718 -0.725715
-2.000000  -1.913249 -0.725715
-1.979217  -1.979223 -0.659741
-2.000000  -1.913249 -0.725715
-2.000000  -1.913249 -1.913246
-2.000000  -1.913249 -0.593767
-2.000000  -0.725718 -0.593767
-1.979217  -0.659744 -0.659741
-2.000000  -0.725718 -0.593767
-2.000000  -0.725718 0.593764
-1.979217  -0.659744 0.659738
-2.000000  -0.725718 0.593764
-2.000000  -1.913249 0.593763
-1.979217  -1.979223 0.659738
-2.000000  -1.913249 0.593763
-2.000000  -1.913249 -0.593767
-1.979217  -1.979223 -0.659741
-2.000000  -1.913249 0.725711
-2.000000  -0.725718 0.725711
-1.979217  -0.659744 0.659738
-1.979217  -0.659744 0.659738
-2.000000  -0.725718 0.725711
-2.000000  -0.725718 1.913242
-2.000000  -0.725718 1.913242
-2.000000  -1.913249 1.913242
-1.979217  -1.979223 1.979216
-2.000000  -1.913249 1.913242
-2.000000  -1.913249 0.725711
-1.979217  -1.979223 0.659738
-2.000000  -0.593770 -1.913246
-2.000000  0.593761 -1.913246
-1.979217  0.659735 -1.979220
-2.000000  0.593761 -1.913246
-2.000000  0.593761 -0.725715
-1.979217  0.659735 -0.659741
-1.979217  0.659735 -0.659741
-2.000000  0.593761 -0.725715
-2.000000  -0.593770 -0.725715
-1.979217  -0.659744 -0.659741
-2.000000  -0.593770 -0.725715
-2.000000  -0.593770 -1.913246
-2.000000  -0.593770 -0.593767
-2.000000  0.593761 -0.593767
-1.979217  0.659735 -0.659741
-1.979217  0.659735 -0.659741
-2.000000  0.593761 -0.593767
-2.000000  0.593761 0.593764
-2.000000  0.593761 0.593764
-2.000000  -0.593770 0.593764
-1.979217  -0.659744 0.659738
-2.000000  -0.593770 0.593764
-2.000000  -0.593770 -0.593767
-1.979217  -0.659744 -0.659741
-2.000000  -0.593770 0.725712
-2.000000  0.593761 0.725712
-1.979217  0.659735 0.659738
-2.000000  0.593761 0.725712
-2.000000  0.593761 1.913242
-1.979217  0.659735 1.979217
-1.979217  0.659735 1.979217
-2.000000  0.593761 1.913242
-2.000000  -0.593770 1.913242
-2.000000  -0.593770 1.913242
-2.000000  -0.593770 0.725712
-1.979217  -0.659744 0.659738
-2.000000  0.725709 -1.913246
-2.000000  1.913241 -1.913246
-1.979217  1.979213 -1.979220
-2.000000  1.913241 -1.913246
-2.000000  1.913240 -0.725715
-1.979217  1.979213 -0.659741
-1.979217  1.979213 -0.659741
-2.000000  1.913240 -0.725715
-2.000000  0.725709 -0.725715
-2.000000  0.725709 -0.725715
-2.000000  0.725709 -1.913246
-1.979217  0.659735 -1.979220
-2.000000  0.725709 -0.593767
-2.000000  1.913240 -0.593767
-1.979217  1.979213 -0.659741
-2.000000  1.913240 -0.593767
-2.000000  1.913240 0.593764
-1.979217  1.979213 0.659738
-2.000000  1.913240 0.593764
-2.000000  0.725709 0.593764
-1.979217  0.659735 0.659738
-2.000000  0.725709 0.593764
-2.000000  0.725709 -0.593767
-1.979217  0.659735 -0.659741
-2.000000  0.725709 0.725712
-2.000000  1.913240 0.725712
-1.979217  1.979213 0.659738
-2.000000  1.913240 0.725712
-2.000000  1.913240 1.913242
-1.979217  1.979213 1.979217
-1.979217  1.979213 1.979217
-2.000000  1.913240 1.913242
-2.000000  0.725709 1.913242
-2.000000  0.725709 1.913242
-2.000000  0.725709 0.725712
-1.979217  0.659735 0.659738
-1.913244  1.999995 1.913242
-1.913244  1.999995 0.725712
-1.979217  1.979213 0.659738
-1.913244  1.999995 0.725712
-0.725713  1.999995 0.725712
-0.659739  1.979213 0.659738
-0.725713  1.999995 0.725712
-0.725713  1.999995 1.913242
-0.659739  1.979213 1.979217
-0.725713  1.999995 1.913242
-1.913244  1.999995 1.913242
-1.979217  1.979213 1.979217
-0.593765  1.999995 1.913242
-0.593765  1.999995 0.725712
-0.659739  1.979213 0.659738
-0.593765  1.999995 0.725712
0.593765  1.999995 0.725712
0.659740  1.979213 0.659738
0.593765  1.999995 0.725712
0.593765  1.999995 1.913242
0.659740  1.979213 1.979217
0.593765  1.999995 1.913242
-0.593765  1.999995 1.913242
-0.659739  1.979213 1.979217
0.725713  1.999995 1.913242
0.725713  1.999995 0.725712
0.659740  1.979213 0.659738
0.725713  1.999995 0.725712
1.913246  1.999995 0.725712
1.979219  1.979213 0.659738
1.913246  1.999995 0.725712
1.913246  1.999995 1.913242
1.979219  1.979213 1.979217
1.913246  1.999995 1.913242
0.725713  1.999995 1.913242
0.659740  1.979213 1.979217
-1.979217  1.979213 0.659738
-1.913244  1.999995 0.593764
-1.913244  1.999995 -0.593767
-1.913244  1.999995 -0.593767
-0.725713  1.999995 -0.593767
-0.659739  1.979213 -0.659741
-0.725713  1.999995 -0.593767
-0.725713  1.999995 0.593764
-0.659739  1.979213 0.659738
-0.725713  1.999995 0.593764
-1.913244  1.999995 0.593764
-1.979217  1.979213 0.659738
-0.593765  1.999995 0.593764
-0.593765  1.999995 -0.593767
-0.659739  1.979213 -0.659741
-0.593765  1.999995 -0.593767
0.593765  1.999995 -0.593767
0.659740  1.979213 -0.659741
0.593765  1.999995 -0.593767
0.593765  1.999995 0.593764
0.659740  1.979213 0.659738
0.593765  1.999995 0.593764
-0.593765  1.999995 0.593764
-0.659739  1.979213 0.659738
0.659740  1.979213 0.659738
0.725713  1.999995 0.593764
0.725713  1.999995 -0.593767
0.725713  1.999995 -0.593767
1.913246  1.999995 -0.593767
1.979219  1.979213 -0.659741
1.913246  1.999995 -0.593767
1.913246  1.999995 0.593764
1.979219  1.979213 0.659738
1.913246  1.999995 0.593764
0.725713  1.999995 0.593764
0.659740  1.979213 0.659738
-1.979217  1.979213 -0.659741
-1.913244  1.999995 -0.725715
-1.913244  1.999995 -1.913246
-1.913244  1.999995 -1.913246
-0.725713  1.999995 -1.913246
-0.659739  1.979213 -1.979220
-0.725713  1.999995 -1.913246
-0.725713  1.999995 -0.725715
-0.659739  1.979213 -0.659741
-0.725713  1.999995 -0.725715
-1.913244  1.999995 -0.725715
-1.979217  1.979213 -0.659741
-0.659739  1.979213 -0.659741
-0.593765  1.999995 -0.725715
-0.593765  1.999995 -1.913246
-0.593765  1.999995 -1.913246
0.593765  1.999995 -1.913246
0.659740  1.979213 -1.979220
0.593765  1.999995 -1.913246
0.593765  1.999995 -0.725715
0.659740  1.979213 -0.659741
0.593765  1.999995 -0.725715
-0.593765  1.999995 -0.725715
-0.659739  1.979213 -0.659741
0.659740  1.979213 -0.659741
0.725713  1.999995 -0.725715
0.725713  1.999995 -1.913246
0.725713  1.999995 -1.913246
1.913246  1.999995 -1.913246
1.979219  1.979213 -1.979220
1.913246  1.999995 -1.913246
1.913246  1.999995 -0.725715
1.979219  1.979213 -0.659741
1.913246  1.999995 -0.725715
0.725713  1.999995 -0.725715
0.659740  1.979213 -0.659741
-1.979217  -1.979222 -1.979220
-1.913244  -2.000005 -1.913246
-1.913244  -2.000005 -0.725715
-1.913244  -2.000005 -0.725715
-0.725713  -2.000005 -0.725715
-0.659739  -1.979223 -0.659741
-0.725713  -2.000005 -0.725715
-0.725713  -2.000005 -1.913246
-0.659739  -1.979222 -1.979220
-0.725713  -2.000005 -1.913246
-1.913244  -2.000005 -1.913246
-1.979217  -1.979222 -1.979220
-0.593765  -2.000005 -1.913246
-0.593765  -2.000005 -0.725715
-0.659739  -1.979223 -0.659741
-0.593765  -2.000005 -0.725715
0.593765  -2.000005 -0.725715
0.659740  -1.979223 -0.659741
0.593765  -2.000005 -0.725715
0.593765  -2.000005 -1.913246
0.659740  -1.979222 -1.979220
0.593765  -2.000005 -1.913246
-0.593765  -2.000005 -1.913246
-0.659739  -1.979222 -1.979220
0.659740  -1.979222 -1.979220
0.725713  -2.000005 -1.913246
0.725713  -2.000005 -0.725715
0.725713  -2.000005 -0.725715
1.913246  -2.000005 -0.725715
1.979219  -1.979223 -0.659741
1.913246  -2.000005 -0.725715
1.913246  -2.000005 -1.913246
1.979219  -1.979222 -1.979220
1.913246  -2.000005 -1.913246
0.725713  -2.000005 -1.913246
0.659740  -1.979222 -1.979220
-1.913244  -2.000005 -0.593767
-1.913244  -2.000005 0.593763
-1.979217  -1.979223 0.659738
-1.913244  -2.000005 0.593763
-0.725713  -2.000005 0.593763
-0.659739  -1.979223 0.659738
-0.659739  -1.979223 0.659738
-0.725713  -2.000005 0.593763
-0.725713  -2.000005 -0.593767
-0.725713  -2.000005 -0.593767
-1.913244  -2.000005 -0.593767
-1.979217  -1.979223 -0.659741
-0.593765  -2.000005 -0.593767
-0.593765  -2.000005 0.593763
-0.659739  -1.979223 0.659738
-0.593765  -2.000005 0.593763
0.593765  -2.000005 0.593763
0.659740  -1.979223 0.659738
0.593765  -2.000005 0.593763
0.593765  -2.000005 -0.593767
0.659740  -1.979223 -0.659741
0.593765  -2.000005 -0.593767
-0.593765  -2.000005 -0.593767
-0.659739  -1.979223 -0.659741
0.725713  -2.000005 -0.593767
0.725713  -2.000005 0.593763
0.659740  -1.979223 0.659738
0.725713  -2.000005 0.593763
1.913246  -2.000005 0.593763
1.979219  -1.979223 0.659738
1.979219  -1.979223 0.659738
1.913246  -2.000005 0.593763
1.913246  -2.000005 -0.593767
1.913246  -2.000005 -0.593767
0.725713  -2.000005 -0.593767
0.659740  -1.979223 -0.659741
-1.913244  -2.000005 0.725711
-1.913244  -2.000005 1.913242
-1.979217  -1.979223 1.979216
-1.913244  -2.000005 1.913242
-0.725713  -2.000005 1.913242
-0.659739  -1.979223 1.979216
-0.725713  -2.000005 1.913242
-0.725713  -2.000005 0.725711
-0.659739  -1.979223 0.659738
-0.725713  -2.000005 0.725711
-1.913244  -2.000005 0.725711
-1.979217  -1.979223 0.659738
-0.593765  -2.000005 0.725711
-0.593765  -2.000005 1.913242
-0.659739  -1.979223 1.979216
-0.593765  -2.000005 1.913242
0.593765  -2.000005 1.913242
0.659740  -1.979223 1.979216
0.593765  -2.000005 1.913242
0.593765  -2.000005 0.725711
0.659740  -1.979223 0.659738
0.593765  -2.000005 0.725711
-0.593765  -2.000005 0.725711
-0.659739  -1.979223 0.659738
0.725713  -2.000005 0.725711
0.725713  -2.000005 1.913242
0.659740  -1.979223 1.979216
0.725713  -2.000005 1.913242
1.913246  -2.000005 1.913242
1.979219  -1.979223 1.979216
1.913246  -2.000005 1.913242
1.913246  -2.000005 0.725711
1.979219  -1.979223 0.659738
1.913246  -2.000005 0.725711
0.725713  -2.000005 0.725711
0.659740  -1.979223 0.659738
-0.725713  -1.913249 1.999997
-0.725713  -0.725718 1.999998
-1.913244  -1.913249 1.999997
0.593765  -1.913249 1.999997
0.593765  -0.725718 1.999998
-0.593765  -1.913249 1.999997
1.913246  -1.913249 1.999997
1.913246  -0.725718 1.999998
0.725713  -1.913249 1.999997
-0.725713  -0.593770 1.999998
-0.725713  0.593761 1.999998
-1.913244  -0.593770 1.999998
0.593765  -0.593770 1.999998
0.593765  0.593761 1.999998
-0.593765  -0.593770 1.999998
1.913246  -0.593770 1.999998
1.913246  0.593761 1.999998
0.725713  -0.593770 1.999998
-0.725713  0.725709 1.999998
-0.725713  1.913240 1.999998
-1.913244  0.725709 1.999998
0.593765  0.725709 1.999998
0.593765  1.913240 1.999998
-0.593765  0.725709 1.999998
1.913246  0.725709 1.999998
1.913246  1.913240 1.999998
0.725713  0.725709 1.999998
2.000001  -1.913249 0.725711
2.000001  -0.725718 0.725711
2.000001  -1.913249 1.913242
2.000001  -1.913249 -0.593767
2.000001  -0.725718 -0.593767
2.000001  -1.913249 0.593763
2.000001  -1.913249 -1.913246
2.000001  -0.725718 -1.913246
2.000001  -1.913249 -0.725715
2.000001  -0.593770 0.725712
2.000001  0.593761 0.725712
2.000001  -0.593770 1.913242
2.000001  -0.593770 -0.593767
2.000001  0.593761 -0.593767
2.000001  -0.593770 0.593764
2.000001  -0.593770 -1.913246
2.000001  0.593761 -1.913246
2.000001  -0.593770 -0.725715
2.000001  0.725709 1.913242
2.000001  0.725709 0.725712
2.000001  1.913240 1.913242
2.000001  0.725709 -0.593767
2.000001  1.913240 -0.593767
2.000001  0.725709 0.593764
2.000001  0.725709 -1.913246
2.000001  1.913241 -1.913246
2.000001  0.725709 -0.725715
0.725713  -1.913249 -2.000002
0.725713  -0.725718 -2.000002
1.913246  -1.913249 -2.000002
-0.593765  -1.913249 -2.000002
-0.593765  -0.725718 -2.000002
0.593765  -1.913249 -2.000002
-1.913244  -1.913249 -2.000002
-1.913244  -0.725718 -2.000002
-0.725713  -1.913249 -2.000002
0.725713  -0.593769 -2.000002
0.725713  0.593761 -2.000002
1.913246  -0.593769 -2.000002
-0.593765  -0.593769 -2.000002
-0.593765  0.593761 -2.000002
0.593765  -0.593769 -2.000002
-1.913244  -0.593769 -2.000002
-1.913244  0.593761 -2.000002
-0.725713  -0.593769 -2.000002
0.725713  0.725709 -2.000002
0.725713  1.913241 -2.000002
1.913246  0.725709 -2.000002
-0.593765  0.725709 -2.000002
-0.593765  1.913241 -2.000002
0.593765  0.725709 -2.000002
-1.913244  0.725709 -2.000002
-1.913244  1.913241 -2.000002
-0.725713  0.725709 -2.000002
-2.000000  -1.913249 -1.913246
-2.000000  -1.913249 -0.725715
-2.000000  -0.725718 -1.913246
-2.000000  -1.913249 0.593763
-2.000000  -0.725718 0.593764
-2.000000  -1.913249 -0.593767
-2.000000  -1.913249 0.725711
-2.000000  -1.913249 1.913242
-2.000000  -0.725718 0.725711
-2.000000  -0.593770 -0.725715
-2.000000  0.593761 -0.725715
-2.000000  -0.593770 -1.913246
-2.000000  -0.593770 0.593764
-2.000000  0.593761 0.593764
-2.000000  -0.593770 -0.593767
-2.000000  -0.593770 1.913242
-2.000000  0.593761 1.913242
-2.000000  -0.593770 0.725712
-2.000000  0.725709 -0.725715
-2.000000  1.913240 -0.725715
-2.000000  0.725709 -1.913246
-2.000000  0.725709 -0.593767
-2.000000  0.725709 0.593764
-2.000000  1.913240 -0.593767
-2.000000  0.725709 1.913242
-2.000000  1.913240 1.913242
-2.000000  0.725709 0.725712
-0.725713  1.999995 1.913242
-0.725713  1.999995 0.725712
-1.913244  1.999995 1.913242
0.593765  1.999995 1.913242
0.593765  1.999995 0.725712
-0.593765  1.999995 1.913242
1.913246  1.999995 1.913242
1.913246  1.999995 0.725712
0.725713  1.999995 1.913242
-0.725713  1.999995 0.593764
-0.725713  1.999995 -0.593767
-1.913244  1.999995 0.593764
0.593765  1.999995 0.593764
0.593765  1.999995 -0.593767
-0.593765  1.999995 0.593764
1.913246  1.999995 0.593764
1.913246  1.999995 -0.593767
0.725713  1.999995 0.593764
-0.725713  1.999995 -0.725715
-0.725713  1.999995 -1.913246
-1.913244  1.999995 -0.725715
0.593765  1.999995 -0.725715
0.593765  1.999995 -1.913246
-0.593765  1.999995 -0.725715
1.913246  1.999995 -0.725715
1.913246  1.999995 -1.913246
0.725713  1.999995 -0.725715
-0.725713  -2.000005 -1.913246
-0.725713  -2.000005 -0.725715
-1.913244  -2.000005 -1.913246
0.593765  -2.000005 -1.913246
0.593765  -2.000005 -0.725715
-0.593765  -2.000005 -1.913246
1.913246  -2.000005 -1.913246
1.913246  -2.000005 -0.725715
0.725713  -2.000005 -1.913246
-0.725713  -2.000005 -0.593767
-0.725713  -2.000005 0.593763
-1.913244  -2.000005 -0.593767
0.593765  -2.000005 -0.593767
0.593765  -2.000005 0.593763
-0.593765  -2.000005 -0.593767
1.913246  -2.000005 -0.593767
1.913246  -2.000005 0.593763
0.725713  -2.000005 -0.593767
-0.725713  -2.000005 0.725711
-0.725713  -2.000005 1.913242
-1.913244  -2.000005 0.725711
0.593765  -2.000005 0.725711
0.593765  -2.000005 1.913242
-0.593765  -2.000005 0.725711
1.913246  -2.000005 0.725711
1.913246  -2.000005 1.913242
0.725713  -2.000005 0.725711
-1.979217  -1.979223 1.979216
-1.913244  -1.913249 1.999997
-1.979217  -0.659744 1.979217
-1.979217  -0.659744 1.979217
-1.913244  -0.725718 1.999998
-0.659739  -0.659744 1.979217
-0.659739  -1.979223 1.979216
-0.659739  -0.659744 1.979217
-0.725713  -1.913249 1.999997
-0.659739  -1.979223 1.979216
-0.725713  -1.913249 1.999997
-1.979217  -1.979223 1.979216
-0.659739  -1.979223 1.979216
-0.593765  -1.913249 1.999997
-0.659739  -0.659744 1.979217
-0.659739  -0.659744 1.979217
-0.593765  -0.725718 1.999998
0.659740  -0.659744 1.979217
0.659740  -1.979223 1.979216
0.659740  -0.659744 1.979217
0.593765  -1.913249 1.999997
0.659740  -1.979223 1.979216
0.593765  -1.913249 1.999997
-0.659739  -1.979223 1.979216
0.659740  -1.979223 1.979216
0.725713  -1.913249 1.999997
0.659740  -0.659744 1.979217
0.659740  -0.659744 1.979217
0.725713  -0.725718 1.999998
1.979219  -0.659744 1.979217
1.979219  -1.979223 1.979216
1.979219  -0.659744 1.979217
1.913246  -1.913249 1.999997
1.979219  -1.979223 1.979216
1.913246  -1.913249 1.999997
0.659740  -1.979223 1.979216
-1.979217  -0.659744 1.979217
-1.913244  -0.593770 1.999998
-1.979217  0.659735 1.979217
-1.979217  0.659735 1.979217
-1.913244  0.593761 1.999998
-0.659739  0.659735 1.979217
-0.659739  0.659735 1.979217
-0.725713  0.593761 1.999998
-0.659739  -0.659744 1.979217
-0.659739  -0.659744 1.979217
-0.725713  -0.593770 1.999998
-1.979217  -0.659744 1.979217
-0.659739  -0.659744 1.979217
-0.593765  -0.593770 1.999998
-0.659739  0.659735 1.979217
-0.659739  0.659735 1.979217
-0.593765  0.593761 1.999998
0.659740  0.659735 1.979217
0.659740  0.659735 1.979217
0.593765  0.593761 1.999998
0.659740  -0.659744 1.979217
0.659740  -0.659744 1.979217
0.593765  -0.593770 1.999998
-0.659739  -0.659744 1.979217
0.659740  -0.659744 1.979217
0.725713  -0.593770 1.999998
0.659740  0.659735 1.979217
0.659740  0.659735 1.979217
0.725713  0.593761 1.999998
1.979219  0.659735 1.979217
1.979219  0.659735 1.979217
1.913246  0.593761 1.999998
1.979219  -0.659744 1.979217
1.979219  -0.659744 1.979217
1.913246  -0.593770 1.999998
0.659740  -0.659744 1.979217
-1.979217  0.659735 1.979217
-1.913244  0.725709 1.999998
-1.979217  1.979213 1.979217
-1.979217  1.979213 1.979217
-1.913244  1.913240 1.999998
-0.659739  1.979213 1.979217
-0.659739  1.979213 1.979217
-0.725713  1.913240 1.999998
-0.659739  0.659735 1.979217
-0.659739  0.659735 1.979217
-0.725713  0.725709 1.999998
-1.979217  0.659735 1.979217
-0.659739  0.659735 1.979217
-0.593765  0.725709 1.999998
-0.659739  1.979213 1.979217
-0.659739  1.979213 1.979217
-0.593765  1.913240 1.999998
0.659740  1.979213 1.979217
0.659740  0.659735 1.979217
0.659740  1.979213 1.979217
0.593765  0.725709 1.999998
0.659740  0.659735 1.979217
0.593765  0.725709 1.999998
-0.659739  0.659735 1.979217
0.659740  0.659735 1.979217
0.725713  0.725709 1.999998
0.659740  1.979213 1.979217
0.659740  1.979213 1.979217
0.725713  1.913240 1.999998
1.979219  1.979213 1.979217
1.979219  1.979213 1.979217
1.913246  1.913240 1.999998
1.979219  0.659735 1.979217
1.979219  0.659735 1.979217
1.913246  0.725709 1.999998
0.659740  0.659735 1.979217
1.979219  -1.979223 1.979216
2.000001  -1.913249 1.913242
1.979219  -0.659744 1.979217
1.979219  -0.659744 1.979217
2.000001  -0.725718 1.913242
1.979219  -0.659744 0.659738
1.979219  -0.659744 0.659738
2.000001  -0.725718 0.725711
1.979219  -1.979223 0.659738
1.979219  -1.979223 0.659738
2.000001  -1.913249 0.725711
1.979219  -1.979223 1.979216
1.979219  -1.979223 0.659738
2.000001  -1.913249 0.593763
1.979219  -0.659744 0.659738
1.979219  -0.659744 0.659738
2.000001  -0.725718 0.593764
1.979219  -0.659744 -0.659741
1.979219  -1.979223 -0.659741
1.979219  -0.659744 -0.659741
2.000001  -1.913249 -0.593767
1.979219  -1.979223 -0.659741
2.000001  -1.913249 -0.593767
1.979219  -1.979223 0.659738
1.979219  -1.979223 -0.659741
2.000001  -1.913249 -0.725715
1.979219  -0.659744 -0.659741
1.979219  -0.659744 -0.659741
2.000001  -0.725718 -0.725715
1.979219  -0.659744 -1.979220
1.979219  -1.979222 -1.979220
1.979219  -0.659744 -1.979220
2.000001  -1.913249 -1.913246
1.979219  -1.979222 -1.979220
2.000001  -1.913249 -1.913246
1.979219  -1.979223 -0.659741
1.979219  -0.659744 1.979217
2.000001  -0.593770 1.913242
1.979219  0.659735 1.979217
1.979219  0.659735 1.979217
2.000001  0.593761 1.913242
1.979219  0.659735 0.659738
1.979219  0.659735 0.659738
2.000001  0.593761 0.725712
1.979219  -0.659744 0.659738
1.979219  -0.659744 0.659738
2.000001  -0.593770 0.725712
1.979219  -0.659744 1.979217
1.979219  -0.659744 0.659738
2.000001  -0.593770 0.593764
1.979219  0.659735 0.659738
1.979219  0.659735 0.659738
2.000001  0.593761 0.593764
1.979219  0.659735 -0.659741
1.979219  -0.659744 -0.659741
1.979219  0.659735 -0.659741
2.000001  -0.593770 -0.593767
1.979219  -0.659744 -0.659741
2.000001  -0.593770 -0.593767
1.979219  -0.659744 0.659738
1.979219  -0.659744 -0.659741
2.000001  -0.593770 -0.725715
1.979219  0.659735 -0.659741
1.979219  0.659735 -0.659741
2.000001  0.593761 -0.725715
1.979219  0.659735 -1.979220
1.979219  -0.659744 -1.979220
1.979219  0.659735 -1.979220
2.000001  -0.593770 -1.913246
1.979219  -0.659744 -1.979220
2.000001  -0.593770 -1.913246
1.979219  -0.659744 -0.659741
1.979219  0.659735 1.979217
2.000001  0.725709 1.913242
1.979219  1.979213 1.979217
1.979219  1.979213 1.979217
2.000001  1.913240 1.913242
1.979219  1.979213 0.659738
1.979219  0.659735 0.659738
1.979219  1.979213 0.659738
2.000001  0.725709 0.725712
1.979219  0.659735 0.659738
2.000001  0.725709 0.725712
1.979219  0.659735 1.979217
1.979219  0.659735 0.659738
2.000001  0.725709 0.593764
1.979219  1.979213 0.659738
1.979219  1.979213 0.659738
2.000001  1.913240 0.593764
1.979219  1.979213 -0.659741
1.979219  0.659735 -0.659741
1.979219  1.979213 -0.659741
2.000001  0.725709 -0.593767
1.979219  0.659735 -0.659741
2.000001  0.725709 -0.593767
1.979219  0.659735 0.659738
1.979219  0.659735 -0.659741
2.000001  0.725709 -0.725715
1.979219  1.979213 -0.659741
1.979219  1.979213 -1.979220
1.979219  1.979213 -0.659741
2.000001  1.913241 -1.913246
1.979219  0.659735 -1.979220
1.979219  1.979213 -1.979220
2.000001  0.725709 -1.913246
1.979219  0.659735 -1.979220
2.000001  0.725709 -1.913246
1.979219  0.659735 -0.659741
1.979219  -0.659744 -1.979220
1.979219  -1.979222 -1.979220
1.913246  -0.725718 -2.000002
1.979219  -0.659744 -1.979220
1.913246  -0.725718 -2.000002
0.659740  -0.659744 -1.979220
0.659740  -0.659744 -1.979220
0.725713  -0.725718 -2.000002
0.659740  -1.979222 -1.979220
0.659740  -1.979222 -1.979220
0.725713  -1.913249 -2.000002
1.979219  -1.979222 -1.979220
0.659740  -0.659744 -1.979220
0.659740  -1.979222 -1.979220
0.593765  -0.725718 -2.000002
0.659740  -0.659744 -1.979220
0.593765  -0.725718 -2.000002
-0.659739  -0.659744 -1.979220
-0.659739  -0.659744 -1.979220
-0.593765  -0.725718 -2.000002
-0.659739  -1.979222 -1.979220
-0.659739  -1.979222 -1.979220
-0.593765  -1.913249 -2.000002
0.659740  -1.979222 -1.979220
-0.659739  -0.659744 -1.979220
-0.659739  -1.979222 -1.979220
-0.725713  -0.725718 -2.000002
-0.659739  -0.659744 -1.979220
-0.725713  -0.725718 -2.000002
-1.979217  -0.659744 -1.979220
-1.979217  -0.659744 -1.979220
-1.913244  -0.725718 -2.000002
-1.979217  -1.979222 -1.979220
-1.979217  -1.979222 -1.979220
-1.913244  -1.913249 -2.000002
-0.659739  -1.979222 -1.979220
1.979219  -0.659744 -1.979220
1.913246  -0.593769 -2.000002
1.979219  0.659735 -1.979220
1.979219  0.659735 -1.979220
1.913246  0.593761 -2.000002
0.659740  0.659735 -1.979220
0.659740  -0.659744 -1.979220
0.659740  0.659735 -1.979220
0.725713  -0.593769 -2.000002
0.659740  -0.659744 -1.979220
0.725713  -0.593769 -2.000002
1.979219  -0.659744 -1.979220
0.659740  -0.659744 -1.979220
0.593765  -0.593769 -2.000002
0.659740  0.659735 -1.979220
0.659740  0.659735 -1.979220
0.593765  0.593761 -2.000002
-0.659739  0.659735 -1.979220
-0.659739  -0.659744 -1.979220
-0.659739  0.659735 -1.979220
-0.593765  -0.593769 -2.000002
-0.659739  -0.659744 -1.979220
-0.593765  -0.593769 -2.000002
0.659740  -0.659744 -1.979220
-0.659739  -0.659744 -1.979220
-0.725713  -0.593769 -2.000002
-0.659739  0.659735 -1.979220
-0.659739  0.659735 -1.979220
-0.725713  0.593761 -2.000002
-1.979217  0.659735 -1.979220
-1.979217  -0.659744 -1.979220
-1.979217  0.659735 -1.979220
-1.913244  -0.593769 -2.000002
-1.979217  -0.659744 -1.979220
-1.913244  -0.593769 -2.000002
-0.659739  -0.659744 -1.979220
1.979219  0.659735 -1.979220
1.913246  0.725709 -2.000002
1.979219  1.979213 -1.979220
1.979219  1.979213 -1.979220
1.913246  1.913241 -2.000002
0.659740  1.979213 -1.979220
0.659740  0.659735 -1.979220
0.659740  1.979213 -1.979220
0.725713  0.725709 -2.000002
0.659740  0.659735 -1.979220
0.725713  0.725709 -2.000002
1.979219  0.659735 -1.979220
0.659740  0.659735 -1.979220
0.593765  0.725709 -2.000002
0.659740  1.979213 -1.979220
0.659740  1.979213 -1.979220
0.593765  1.913241 -2.000002
-0.659739  1.979213 -1.979220
-0.659739  0.659735 -1.979220
-0.659739  1.979213 -1.979220
-0.593765  0.725709 -2.000002
-0.659739  0.659735 -1.979220
-0.593765  0.725709 -2.000002
0.659740  0.659735 -1.979220
-0.659739  0.659735 -1.979220
-0.725713  0.725709 -2.000002
-0.659739  1.979213 -1.979220
-0.659739  1.979213 -1.979220
-0.725713  1.913241 -2.000002
-1.979217  1.979213 -1.979220
-1.979217  1.979213 -1.979220
-1.913244  1.913241 -2.000002
-1.979217  0.659735 -1.979220
-1.979217  0.659735 -1.979220
-1.913244  0.725709 -2.000002
-0.659739  0.659735 -1.979220
-1.979217  -0.659744 -1.979220
-1.979217  -1.979222 -1.979220
-2.000000  -0.725718 -1.913246
-1.979217  -0.659744 -1.979220
-2.000000  -0.725718 -1.913246
-1.979217  -0.659744 -0.659741
-1.979217  -1.979223 -0.659741
-1.979217  -0.659744 -0.659741
-2.000000  -1.913249 -0.725715
-1.979217  -1.979222 -1.979220
-1.979217  -1.979223 -0.659741
-2.000000  -1.913249 -1.913246
-1.979217  -1.979223 -0.659741
-2.000000  -1.913249 -0.593767
-1.979217  -0.659744 -0.659741
-1.979217  -0.659744 -0.659741
-2.000000  -0.725718 -0.593767
-1.979217  -0.659744 0.659738
-1.979217  -0.659744 0.659738
-2.000000  -0.725718 0.593764
-1.979217  -1.979223 0.659738
-1.979217  -1.979223 0.659738
-2.000000  -1.913249 0.593763
-1.979217  -1.979223 -0.659741
-1.979217  -1.979223 0.659738
-2.000000  -1.913249 0.725711
-1.979217  -0.659744 0.659738
-1.979217  -0.659744 1.979217
-1.979217  -0.659744 0.659738
-2.000000  -0.725718 1.913242
-1.979217  -0.659744 1.979217
-2.000000  -0.725718 1.913242
-1.979217  -1.979223 1.979216
-1.979217  -1.979223 1.979216
-2.000000  -1.913249 1.913242
-1.979217  -1.979223 0.659738
-1.979217  -0.659744 -1.979220
-2.000000  -0.593770 -1.913246
-1.979217  0.659735 -1.979220
-1.979217  0.659735 -1.979220
-2.000000  0.593761 -1.913246
-1.979217  0.659735 -0.659741
-1.979217  -0.659744 -0.659741
-1.979217  0.659735 -0.659741
-2.000000  -0.593770 -0.725715
-1.979217  -0.659744 -1.979220
-1.979217  -0.659744 -0.659741
-2.000000  -0.593770 -1.913246
-1.979217  -0.659744 -0.659741
-2.000000  -0.593770 -0.593767
-1.979217  0.659735 -0.659741
-1.979217  0.659735 0.659738
-1.979217  0.659735 -0.659741
-2.000000  0.593761 0.593764
-1.979217  0.659735 0.659738
-2.000000  0.593761 0.593764
-1.979217  -0.659744 0.659738
-1.979217  -0.659744 0.659738
-2.000000  -0.593770 0.593764
-1.979217  -0.659744 -0.659741
-1.979217  -0.659744 0.659738
-2.000000  -0.593770 0.725712
-1.979217  0.659735 0.659738
-1.979217  0.659735 0.659738
-2.000000  0.593761 0.725712
-1.979217  0.659735 1.979217
-1.979217  -0.659744 1.979217
-1.979217  0.659735 1.979217
-2.000000  -0.593770 1.913242
-1.979217  -0.659744 1.979217
-2.000000  -0.593770 1.913242
-1.979217  -0.659744 0.659738
-1.979217  0.659735 -1.979220
-2.000000  0.725709 -1.913246
-1.979217  1.979213 -1.979220
-1.979217  1.979213 -1.979220
-2.000000  1.913241 -1.913246
-1.979217  1.979213 -0.659741
-1.979217  0.659735 -0.659741
-1.979217  1.979213 -0.659741
-2.000000  0.725709 -0.725715
-1.979217  0.659735 -0.659741
-2.000000  0.725709 -0.725715
-1.979217  0.659735 -1.979220
-1.979217  0.659735 -0.659741
-2.000000  0.725709 -0.593767
-1.979217  1.979213 -0.659741
-1.979217  1.979213 -0.659741
-2.000000  1.913240 -0.593767
-1.979217  1.979213 0.659738
-1.979217  1.979213 0.659738
-2.000000  1.913240 0.593764
-1.979217  0.659735 0.659738
-1.979217  0.659735 0.659738
-2.000000  0.725709 0.593764
-1.979217  0.659735 -0.659741
-1.979217  0.659735 0.659738
-2.000000  0.725709 0.725712
-1.979217  1.979213 0.659738
-1.979217  1.979213 0.659738
-2.000000  1.913240 0.725712
-1.979217  1.979213 1.979217
-1.979217  0.659735 1.979217
-1.979217  1.979213 1.979217
-2.000000  0.725709 1.913242
-1.979217  0.659735 1.979217
-2.000000  0.725709 1.913242
-1.979217  0.659735 0.659738
-1.979217  1.979213 1.979217
-1.913244  1.999995 1.913242
-1.979217  1.979213 0.659738
-1.979217  1.979213 0.659738
-1.913244  1.999995 0.725712
-0.659739  1.979213 0.659738
-0.659739  1.979213 0.659738
-0.725713  1.999995 0.725712
-0.659739  1.979213 1.979217
-0.659739  1.979213 1.979217
-0.725713  1.999995 1.913242
-1.979217  1.979213 1.979217
-0.659739  1.979213 1.979217
-0.593765  1.999995 1.913242
-0.659739  1.979213 0.659738
-0.659739  1.979213 0.659738
-0.593765  1.999995 0.725712
0.659740  1.979213 0.659738
0.659740  1.979213 0.659738
0.593765  1.999995 0.725712
0.659740  1.979213 1.979217
0.659740  1.979213 1.979217
0.593765  1.999995 1.913242
-0.659739  1.979213 1.979217
0.659740  1.979213 1.979217
0.725713  1.999995 1.913242
0.659740  1.979213 0.659738
0.659740  1.979213 0.659738
0.725713  1.999995 0.725712
1.979219  1.979213 0.659738
1.979219  1.979213 0.659738
1.913246  1.999995 0.725712
1.979219  1.979213 1.979217
1.979219  1.979213 1.979217
1.913246  1.999995 1.913242
0.659740  1.979213 1.979217
-1.979217  1.979213 -0.659741
-1.979217  1.979213 0.659738
-1.913244  1.999995 -0.593767
-1.979217  1.979213 -0.659741
-1.913244  1.999995 -0.593767
-0.659739  1.979213 -0.659741
-0.659739  1.979213 -0.659741
-0.725713  1.999995 -0.593767
-0.659739  1.979213 0.659738
-0.659739  1.979213 0.659738
-0.725713  1.999995 0.593764
-1.979217  1.979213 0.659738
-0.659739  1.979213 0.659738
-0.593765  1.999995 0.593764
-0.659739  1.979213 -0.659741
-0.659739  1.979213 -0.659741
-0.593765  1.999995 -0.593767
0.659740  1.979213 -0.659741
0.659740  1.979213 -0.659741
0.593765  1.999995 -0.593767
0.659740  1.979213 0.659738
0.659740  1.979213 0.659738
0.593765  1.999995 0.593764
-0.659739  1.979213 0.659738
0.659740  1.979213 -0.659741
0.659740  1.979213 0.659738
0.725713  1.999995 -0.593767
0.659740  1.979213 -0.659741
0.725713  1.999995 -0.593767
1.979219  1.979213 -0.659741
1.979219  1.979213 -0.659741
1.913246  1.999995 -0.593767
1.979219  1.979213 0.659738
1.979219  1.979213 0.659738
1.913246  1.999995 0.593764
0.659740  1.979213 0.659738
-1.979217  1.979213 -1.979220
-1.979217  1.979213 -0.659741
-1.913244  1.999995 -1.913246
-1.979217  1.979213 -1.979220
-1.913244  1.999995 -1.913246
-0.659739  1.979213 -1.979220
-0.659739  1.979213 -1.979220
-0.725713  1.999995 -1.913246
-0.659739  1.979213 -0.659741
-0.659739  1.979213 -0.659741
-0.725713  1.999995 -0.725715
-1.979217  1.979213 -0.659741
-0.659739  1.979213 -1.979220
-0.659739  1.979213 -0.659741
-0.593765  1.999995 -1.913246
-0.659739  1.979213 -1.979220
-0.593765  1.999995 -1.913246
0.659740  1.979213 -1.979220
0.659740  1.979213 -1.979220
0.593765  1.999995 -1.913246
0.659740  1.979213 -0.659741
0.659740  1.979213 -0.659741
0.593765  1.999995 -0.725715
-0.659739  1.979213 -0.659741
0.659740  1.979213 -1.979220
0.659740  1.979213 -0.659741
0.725713  1.999995 -1.913246
0.659740  1.979213 -1.979220
0.725713  1.999995 -1.913246
1.979219  1.979213 -1.979220
1.979219  1.979213 -1.979220
1.913246  1.999995 -1.913246
1.979219  1.979213 -0.659741
1.979219  1.979213 -0.659741
1.913246  1.999995 -0.725715
0.659740  1.979213 -0.659741
-1.979217  -1.979223 -0.659741
-1.979217  -1.979222 -1.979220
-1.913244  -2.000005 -0.725715
-1.979217  -1.979223 -0.659741
-1.913244  -2.000005 -0.725715
-0.659739  -1.979223 -0.659741
-0.659739  -1.979223 -0.659741
-0.725713  -2.000005 -0.725715
-0.659739  -1.979222 -1.979220
-0.659739  -1.979222 -1.979220
-0.725713  -2.000005 -1.913246
-1.979217  -1.979222 -1.979220
-0.659739  -1.979222 -1.979220
-0.593765  -2.000005 -1.913246
-0.659739  -1.979223 -0.659741
-0.659739  -1.979223 -0.659741
-0.593765  -2.000005 -0.725715
0.659740  -1.979223 -0.659741
0.659740  -1.979223 -0.659741
0.593765  -2.000005 -0.725715
0.659740  -1.979222 -1.979220
0.659740  -1.979222 -1.979220
0.593765  -2.000005 -1.913246
-0.659739  -1.979222 -1.979220
0.659740  -1.979223 -0.659741
0.659740  -1.979222 -1.979220
0.725713  -2.000005 -0.725715
0.659740  -1.979223 -0.659741
0.725713  -2.000005 -0.725715
1.979219  -1.979223 -0.659741
1.979219  -1.979223 -0.659741
1.913246  -2.000005 -0.725715
1.979219  -1.979222 -1.979220
1.979219  -1.979222 -1.979220
1.913246  -2.000005 -1.913246
0.659740  -1.979222 -1.979220
-1.979217  -1.979223 -0.659741
-1.913244  -2.000005 -0.593767
-1.979217  -1.979223 0.659738
-1.979217  -1.979223 0.659738
-1.913244  -2.000005 0.593763
-0.659739  -1.979223 0.659738
-0.659739  -1.979223 -0.659741
-0.659739  -1.979223 0.659738
-0.725713  -2.000005 -0.593767
-0.659739  -1.979223 -0.659741
-0.725713  -2.000005 -0.593767
-1.979217  -1.979223 -0.659741
-0.659739  -1.979223 -0.659741
-0.593765  -2.000005 -0.593767
-0.659739  -1.979223 0.659738
-0.659739  -1.979223 0.659738
-0.593765  -2.000005 0.593763
0.659740  -1.979223 0.659738
0.659740  -1.979223 0.659738
0.593765  -2.000005 0.593763
0.659740  -1.979223 -0.659741
0.659740  -1.979223 -0.659741
0.593765  -2.000005 -0.593767
-0.659739  -1.979223 -0.659741
0.659740  -1.979223 -0.659741
0.725713  -2.000005 -0.593767
0.659740  -1.979223 0.659738
0.659740  -1.979223 0.659738
0.725713  -2.000005 0.593763
1.979219  -1.979223 0.659738
1.979219  -1.979223 -0.659741
1.979219  -1.979223 0.659738
1.913246  -2.000005 -0.593767
1.979219  -1.979223 -0.659741
1.913246  -2.000005 -0.593767
0.659740  -1.979223 -0.659741
-1.979217  -1.979223 0.659738
-1.913244  -2.000005 0.725711
-1.979217  -1.979223 1.979216
-1.979217  -1.979223 1.979216
-1.913244  -2.000005 1.913242
-0.659739  -1.979223 1.979216
-0.659739  -1.979223 1.979216
-0.725713  -2.000005 1.913242
-0.659739  -1.979223 0.659738
-0.659739  -1.979223 0.659738
-0.725713  -2.000005 0.725711
-1.979217  -1.979223 0.659738
-0.659739  -1.979223 0.659738
-0.593765  -2.000005 0.725711
-0.659739  -1.979223 1.979216
-0.659739  -1.979223 1.979216
-0.593765  -2.000005 1.913242
0.659740  -1.979223 1.979216
0.659740  -1.979223 1.979216
0.593765  -2.000005 1.913242
0.659740  -1.979223 0.659738
0.659740  -1.979223 0.659738
0.593765  -2.000005 0.725711
-0.659739  -1.979223 0.659738
0.659740  -1.979223 0.659738
0.725713  -2.000005 0.725711
0.659740  -1.979223 1.979216
0.659740  -1.979223 1.979216
0.725713  -2.000005 1.913242
1.979219  -1.979223 1.979216
1.979219  -1.979223 1.979216
1.913246  -2.000005 1.913242
1.979219  -1.979223 0.659738
1.979219  -1.979223 0.659738
1.913246  -2.000005 0.725711
0.659740  -1.979223 0.659738
