108
-0.975365  0.523937 1.611560
-0.975365  0.523937 -0.388440
-0.975365  -1.476063 -0.388440
1.024635  0.523937 1.611560
1.024635  0.523937 -0.388440
-0.975365  0.523937 -0.388440
1.024635  -1.476063 1.611560
1.024635  -1.476063 -0.388440
1.024635  0.523937 -0.388440
-0.975365  -1.476063 1.611560
-0.975365  -1.476063 -0.388440
1.024635  -1.476063 -0.388440
-0.975365  0.523937 -0.388440
1.024635  0.523937 -0.388440
1.024635  -1.476063 -0.388440
1.024635  0.523937 1.611560
-0.975365  0.523937 1.611560
-0.975365  -1.476063 1.611560
-0.975365  -1.476063 1.611560
-0.975365  0.523937 1.611560
-0.975365  -1.476063 -0.388440
-0.975365  0.523937 1.611560
1.024635  0.523937 1.611560
-0.975365  0.523937 -0.388440
1.024635  0.523937 1.611560
1.024635  -1.476063 1.611560
1.024635  0.523937 -0.388440
1.024635  -1.476063 1.611560
-0.975365  -1.476063 1.611560
1.024635  -1.476063 -0.388440
-0.975365  -1.476063 -0.388440
-0.975365  0.523937 -0.388440
1.024635  -1.476063 -0.388440
1.024635  -1.476063 1.611560
1.024635  0.523937 1.611560
-0.975365  -1.476063 1.611560
